0 0 1.18997912501885228
0 1 1.00012181446745663
0 2 0.99987997677076024
0 3 0.99998825298333949
0 4 0.99986709536414098
0 5 1.00012824726353200
0 6 1.00011564089371774
0 7 0.99989579274391305
0 8 1.00007939552489744
0 9 0.99996173689028256
0 10 1.00005446752022520
0 11 1.00005435420485145
0 12 1.00001319320704463
0 13 1.00010233121116676
0 14 1.00006556863831197
0 15 0.99997643547910886
0 16 0.99986906896052019
0 17 0.99995745594913321
0 18 1.00009365428179708
0 19 1.00010358407836208
0 20 1.00010437686761411
0 21 0.99988427856062290
0 22 1.00011557293811770
0 23 0.99991038872932614
0 24 1.00005387021841052
0 25 0.99991940511108779
0 26 1.00001446229109092
0 27 1.00011548228352543
0 28 1.00005509079744859
0 29 1.00009880839513410
1 0 1.00008095336121672
1 1 1.00008989917652791
1 2 1.00008858626223773
1 3 0.99986373104756443
1 4 1.00008167763493949
1 5 1.00000853091680941
1 6 1.00012862498720190
1 7 0.99987657867833635
1 8 0.99997137669208946
1 9 1.00003031948155563
1 10 0.99997688487079950
1 11 1.00014325764602230
1 12 0.99995226018670169
1 13 0.99992646460294876
1 14 1.00011393050114017
1 15 1.00008166494004103
1 16 1.00007756237378831
1 17 1.00002654234275390
1 18 1.00010284230599056
1 19 1.00007980872868196
1 20 1.00011212296546526
1 21 1.00012061242300776
1 22 1.00002130412423362
1 23 1.00013579928926344
1 24 0.99997252198127573
1 25 0.99987126251282632
1 26 1.00012666017326790
1 27 1.00012190577451299
1 28 0.99998344324134503
1 29 0.99988717898381918
2 0 1.00008610070346116
2 1 0.99990051757128862
2 2 0.99992385471902046
2 3 0.99997560874837876
2 4 1.00010624147606153
2 5 0.99996116924439482
2 6 1.00002515190075125
2 7 1.00008659932105459
2 8 1.00010503288303476
2 9 1.00000341847394369
2 10 1.00011376432904453
2 11 1.00010319911230905
2 12 1.00010109971073913
2 13 1.00010444661498243
2 14 0.99990027566251327
2 15 1.00012689763262763
2 16 1.00011830956515002
2 17 1.00004008226256413
2 18 1.00005544620906361
2 19 1.00006372893707285
2 20 0.99996550247795579
2 21 1.00011018538668472
2 22 0.99996228904595386
2 23 0.99987586292184860
2 24 0.99996264253075351
2 25 1.00003018189038473
2 26 0.99997066039811910
2 27 1.00002244137181351
2 28 0.99993887395282677
2 29 0.99997026509141584
3 0 0.99988866053120673
3 1 1.00005963135005116
3 2 1.00008245713153676
3 3 0.99999123656886435
3 4 0.99996535689119548
3 5 0.99994495755399415
3 6 1.00002584644838222
3 7 0.99988836276620086
3 8 1.00007097101149212
3 9 0.99986938314700891
3 10 0.99999257951264342
3 11 0.99987527423752276
3 12 1.00012953791988846
3 13 0.99995188008577429
3 14 0.99992921489614717
3 15 0.99994244461891557
3 16 0.99994797892249399
3 17 1.00002401227449900
3 18 1.00001194095761914
3 19 1.00008742368268466
3 20 1.00008911834294056
3 21 1.00002068170041203
3 22 0.99999104384848181
3 23 0.99989789550833563
3 24 1.00003695415466498
3 25 0.99990074459543765
3 26 1.00012961309832571
3 27 1.00001541130442040
3 28 0.99986891906824404
3 29 1.00010846459294256
4 0 1.00006350203883665
4 1 1.00007513164508910
4 2 0.99997087968031351
4 3 1.00008837770119285
4 4 0.99994633025542690
4 5 0.99995460641794409
4 6 1.00005621537091605
4 7 0.99987087876701719
4 8 1.00013502543737309
4 9 1.00008965809915540
4 10 1.00005540231434775
4 11 0.99989576288167337
4 12 0.99987623499827494
4 13 0.99992592097910604
4 14 1.00001855889653024
4 15 1.00005933432372318
4 16 1.00000195127842373
4 17 1.00000667608399629
4 18 0.99989894131491130
4 19 0.99999421895889551
4 20 1.00002649102254004
4 21 1.00011566168537192
4 22 1.00011156671509283
4 23 0.99993020181125669
4 24 0.99990491024533923
4 25 1.00001120146019984
4 26 1.00006102838035327
4 27 1.00012588191470830
4 28 0.99987183558293991
4 29 1.00003057968141595
5 0 1.00012439272677600
5 1 0.99986518998220142
5 2 1.00008969363577283
5 3 1.00010463900974611
5 4 0.99987619433384778
5 5 1.00013322472126154
5 6 0.99996706822699588
5 7 1.00008167248185464
5 8 0.99987609022294766
5 9 1.00011744255072466
5 10 0.99994304417517310
5 11 0.99997020462547492
5 12 0.99986934660714899
5 13 1.00012212840524239
5 14 0.99997895677989179
5 15 0.99995770545883056
5 16 1.00010118671752490
5 17 1.00001864587113021
5 18 1.00008788006963956
5 19 1.00011971464765193
5 20 0.99993509149630100
5 21 0.99998242929548287
5 22 0.99988905185045651
5 23 0.99986265346737113
5 24 0.99987576230546893
5 25 0.99995852662207552
5 26 1.00008656422195230
5 27 0.99995489571362006
5 28 1.00006794984927683
5 29 1.00006289019192773
6 0 1.00005409047283500
6 1 1.00013149352449560
6 2 1.00009077183693873
6 3 1.00000829758186272
6 4 1.00010430012546658
6 5 0.99992295282718180
6 6 0.99990149891343671
6 7 0.99988594856657986
6 8 0.99994991137594780
6 9 1.00000364258713947
6 10 1.00007803835030007
6 11 0.99990131615986799
6 12 0.99993944041172778
6 13 0.99999707433107143
6 14 1.00009253736815018
6 15 1.00003290278908619
6 16 1.00006830417129322
6 17 1.00008323916170583
6 18 0.99987312644212034
6 19 0.99991802902310911
6 20 1.00000322580085776
6 21 0.99991517156027376
6 22 1.00011655111160036
6 23 1.00008366339873467
6 24 0.99989295102157716
6 25 0.99987985414580016
6 26 1.00008340088130598
6 27 1.00000110204304038
6 28 1.00003057209153656
6 29 1.00011377700673343
7 0 1.00013505782642564
7 1 0.99997172962826719
7 2 1.00003207336831301
7 3 0.99988360952618449
7 4 1.00003682895024193
7 5 1.00008538937115787
7 6 1.00002825820884333
7 7 0.99986850499246982
7 8 1.00012611287127706
7 9 0.99986780620456273
7 10 1.00001540937837108
7 11 0.99998518910770806
7 12 1.00004849894528491
7 13 0.99987121654388567
7 14 0.99987428755398922
7 15 0.99989293320033301
7 16 0.99988541268580933
7 17 0.99988902463242391
7 18 0.99990204957557838
7 19 0.99997310015690566
7 20 1.00011959594488031
7 21 1.00008972098064275
7 22 0.99992060253984338
7 23 1.00004795695529047
7 24 0.99990550423551927
7 25 1.00014027092320346
7 26 1.00005492259046402
7 27 1.00003188299024015
7 28 1.00011607227917865
7 29 0.99999673377700182
8 0 1.00006027397604869
8 1 0.99990656570027714
8 2 1.00002225433507874
8 3 0.99997032902172245
8 4 1.00008971385227952
8 5 0.99999508493296352
8 6 0.99990781664797934
8 7 1.00005905743354373
8 8 0.99991385786447906
8 9 1.00003657400558676
8 10 0.99988603406198640
8 11 1.00009558001514742
8 12 1.00000995004349091
8 13 1.00000592527882448
8 14 0.99997450385544417
8 15 0.99989645201501709
8 16 0.99992215393556849
8 17 0.99995031936326628
8 18 0.99991036891009755
8 19 1.00009140852370737
8 20 0.99995095393928501
8 21 0.99990989983825840
8 22 0.99992566156265750
8 23 1.00000194557016697
8 24 0.99991060223457717
8 25 0.99987655229906558
8 26 1.00006009995754863
8 27 0.99993795069597313
8 28 1.00005054645660230
8 29 0.99998128309163414
9 0 1.00004827943890451
9 1 0.99991511505132102
9 2 0.99997778956461347
9 3 1.00011831529764939
9 4 0.99995007814931269
9 5 0.99996769342465586
9 6 1.00004019082238171
9 7 0.99994881291671467
9 8 1.00003886038815626
9 9 0.99990819165261002
9 10 1.00005008100193549
9 11 1.00007114266932495
9 12 0.99989553534551090
9 13 0.99990522256884318
9 14 0.99993299186328977
9 15 0.99993683148500268
9 16 1.00013719923636568
9 17 0.99995158278422525
9 18 1.00004314762802160
9 19 0.99995331685535238
9 20 0.99994230782454341
9 21 1.00007930311839432
9 22 1.00006874623057440
9 23 1.00004947397508825
9 24 1.00013140861275263
9 25 0.99990385915913960
9 26 1.00010781054207754
9 27 1.00012135079281239
9 28 0.99992061597014947
9 29 0.99995921376605579
10 0 0.99988014706056316
10 1 0.99990783415923890
10 2 1.00006006205836262
10 3 0.99994051931942440
10 4 1.00001393504436686
10 5 1.00000473663861422
10 6 0.99987440426746899
10 7 1.00010344937662077
10 8 1.00010655588377029
10 9 1.00007530905066577
10 10 1.00003363599639039
10 11 0.99999419532958145
10 12 1.00005491691836967
10 13 1.00011992054222953
10 14 0.99993397861079569
10 15 1.00008577823296885
10 16 0.99998829031958336
10 17 1.00012817164842160
10 18 1.00008377502398305
10 19 1.00007651648740126
10 20 0.99994527389889376
10 21 1.00007790311796141
10 22 1.00009277886032599
10 23 0.99992277567190124
10 24 1.00006458171069657
10 25 0.99999545451562633
10 26 0.99998443072765997
10 27 0.99996052104372513
10 28 0.99994648717474788
10 29 0.99994540715750901
11 0 1.00011121303280959
11 1 1.00008181874462965
11 2 1.00001755996529118
11 3 0.99991700684146889
11 4 0.99988394719760632
11 5 1.00008717352366694
11 6 1.00011772912695740
11 7 1.00007882918277158
11 8 1.00004405265203378
11 9 1.00004089421917630
11 10 0.99998447202595397
11 11 12.00001240993918294
11 12 13.00008113656885911
11 13 14.00008373692866392
11 14 15.00013235145892665
11 15 16.00008191147311365
11 16 16.99997174906859954
11 17 17.99982646644667028
11 18 18.99990695429155707
11 19 19.99990868285367185
11 20 1.00004755642550203
11 21 1.00003960764141508
11 22 0.99988565124757112
11 23 1.00011831510433669
11 24 0.99990909713887965
11 25 0.99991798535124110
11 26 1.00011050322219797
11 27 1.00012479931467424
11 28 1.00013138419543823
11 29 1.00006917438262466
12 0 1.00005495810360312
12 1 1.00013289149666718
12 2 1.00000659806845360
12 3 0.99993942768614308
12 4 1.00008514017048533
12 5 1.00004902565009690
12 6 1.00001961414659934
12 7 1.00010755451858246
12 8 1.00009358006365590
12 9 0.99994555841928601
12 10 1.00003796110187104
12 11 14.99981789863225501
12 12 16.00002030730267677
12 13 16.99999669815318271
12 14 18.00004349903126055
12 15 19.00004654635681689
12 16 19.99985390050580847
12 17 21.00005195294087201
12 18 22.00007020620453346
12 19 23.00008982297461202
12 20 1.00012295691749897
12 21 1.00008625071310386
12 22 1.00008575595857074
12 23 1.00003355678231531
12 24 0.99998098707231053
12 25 0.99994278839564621
12 26 0.99998607349162016
12 27 0.99997449201787425
12 28 0.99993632798296483
12 29 0.99993834292105910
13 0 1.00001943935578730
13 1 1.00000868216234751
13 2 0.99994406682912684
13 3 0.99996574197257382
13 4 1.00004562493484306
13 5 0.99988505903110181
13 6 0.99998904876609174
13 7 1.00001799603598540
13 8 1.00009697815411158
13 9 1.00005652786579358
13 10 1.00001125952173964
13 11 19.99982340754556986
13 12 21.00018332524163966
13 13 22.00000263795346811
13 14 23.00011590595102007
13 15 24.00006140545859878
13 16 24.99994286544162492
13 17 26.00010275107225155
13 18 26.99994360923257020
13 19 28.00005017870864066
13 20 1.00001808238667600
13 21 1.00007180165461707
13 22 0.99990489119153769
13 23 0.99996231976511940
13 24 1.00002318653727840
13 25 0.99999798984689958
13 26 1.00000637788032587
13 27 1.00011481278175540
13 28 0.99996181110957960
13 29 0.99986292633177254
14 0 1.00004301909041637
14 1 1.00013053772864557
14 2 1.00004391792550251
14 3 1.00007264487088765
14 4 0.99998183056951917
14 5 1.00011591191477800
14 6 1.00011465177190551
14 7 1.00007008624136740
14 8 0.99991532786600501
14 9 0.99995836433801866
14 10 0.99995994741462912
14 11 26.99999045308059564
14 12 28.00009747718523556
14 13 29.00006757062245910
14 14 30.00002146545602955
14 15 30.99989059510734890
14 16 31.99992783773397065
14 17 33.00013294458945978
14 18 34.00003709796973084
14 19 35.00008285027647048
14 20 1.00008900829741876
14 21 0.99997914950780176
14 22 0.99992749172618800
14 23 1.00004737247833742
14 24 1.00011115057445821
14 25 0.99995938726498834
14 26 0.99994372104189788
14 27 1.00009198574198610
14 28 1.00002826666321187
14 29 1.00011492732053808
15 0 0.99990728527599948
15 1 0.99995363602627640
15 2 0.99996363591756054
15 3 1.00001219608582281
15 4 1.00011040668705142
15 5 0.99987155523362703
15 6 0.99998579472914229
15 7 0.99991571151270742
15 8 1.00010133490169117
15 9 1.00007866487430319
15 10 0.99993269890440184
15 11 36.00005211576523578
15 12 37.00008392464984297
15 13 38.00007446419615320
15 14 39.00008285589712642
15 15 39.99995005296462836
15 16 40.99995360416635748
15 17 42.00006925475491926
15 18 43.00013896934843416
15 19 43.99993574976059563
15 20 1.00008915526089992
15 21 0.99993989242687475
15 22 0.99990096501789871
15 23 0.99993399481031042
15 24 1.00011239158008047
15 25 1.00003866303438316
15 26 1.00012285763774633
15 27 1.00003550619300063
15 28 0.99993619084757157
15 29 1.00007100273827598
16 0 1.00004727087581013
16 1 1.00005750274979910
16 2 1.00000285411908307
16 3 1.00010500204579023
16 4 0.99997256031174930
16 5 0.99994825795337960
16 6 0.99996715463958274
16 7 1.00003259265058730
16 8 1.00008237995232752
16 9 0.99987084166336060
16 10 1.00009283894562140
16 11 47.00001594466079524
16 12 48.00005612342609140
16 13 49.00002340990853611
16 14 50.00004281608964618
16 15 51.00006851182354239
16 16 52.00012467801398230
16 17 53.00010468328106583
16 18 53.99993982454670061
16 19 55.00003846844427358
16 20 0.99988762827678301
16 21 1.00001767323998747
16 22 0.99996287091114477
16 23 0.99991417411546479
16 24 1.00009176061711136
16 25 1.00008682140020833
16 26 1.00005453822403911
16 27 1.00008283254462405
16 28 1.00005517637288066
16 29 1.00009779713799229
17 0 0.99986403615224928
17 1 1.00003472149870176
17 2 0.99994654360222224
17 3 1.00005284844699505
17 4 0.99985993592113376
17 5 0.99994677377950980
17 6 0.99999589717187931
17 7 0.99988052530621885
17 8 1.00011313755890141
17 9 1.00005374154858351
17 10 0.99995003853768549
17 11 60.00005837945182918
17 12 60.99987541784722112
17 13 62.00002790420428767
17 14 63.00005978618730751
17 15 64.00001028383802293
17 16 65.00012269500646767
17 17 66.00014606212630497
17 18 66.99990204970740137
17 19 67.99988830139197660
17 20 0.99993526126616472
17 21 1.00005680688910092
17 22 1.00007498134338779
17 23 0.99996857994663435
17 24 1.00003907860362595
17 25 1.00002652554677529
17 26 1.00006209409692692
17 27 0.99996862034479672
17 28 1.00005240662972139
17 29 1.00013546290531141
18 0 1.00013874885404963
18 1 0.99988584625414112
18 2 0.99990959740901819
18 3 0.99988643576943448
18 4 0.99988437371463190
18 5 0.99997729488536535
18 6 0.99994355620017072
18 7 1.00010877216858174
18 8 1.00010599840636161
18 9 0.99999291381387012
18 10 0.99987402709533157
18 11 74.99998598986751119
18 12 75.99992487876096448
18 13 76.99998245072941927
18 14 78.00016866912568503
18 15 79.00010258157479370
18 16 80.00015636106255101
18 17 80.99993158877762767
18 18 81.99983245990597425
18 19 83.00021587084329155
18 20 1.00010345934197997
18 21 0.99990444525637323
18 22 0.99999390279993794
18 23 0.99989255362530693
18 24 1.00008290774055486
18 25 0.99988261849638815
18 26 1.00005848658094321
18 27 0.99992872654729337
18 28 0.99993582978203310
18 29 0.99998777159424068
19 0 0.99988289816951015
19 1 0.99995401188535471
19 2 0.99992390013224774
19 3 0.99990370795634953
19 4 0.99995964918023095
19 5 1.00010391235543228
19 6 1.00001388409043424
19 7 0.99997437548879797
19 8 0.99991936085648114
19 9 0.99990547909703387
19 10 1.00006797739591935
19 11 92.00020844679181664
19 12 92.99998173170354221
19 13 93.99996135242946593
19 14 94.99993385446018124
19 15 95.99999777572271853
19 16 96.99996304836177785
19 17 98.00000101223605498
19 18 99.00007230342684750
19 19 100.00008470791681248
19 20 1.00003786933327654
19 21 1.00008086597738455
19 22 0.99995928931921019
19 23 1.00001487726820826
19 24 0.99987617189052291
19 25 0.99999944877797331
19 26 0.99997074348404502
19 27 1.00003312737905370
19 28 1.00008130528695771
19 29 1.00011606979817391
20 0 1.00004643184325359
20 1 0.99998038817013524
20 2 1.00007481222380901
20 3 1.00003597949987810
20 4 0.99998457428743615
20 5 0.99993932807172270
20 6 0.99994623951948258
20 7 0.99999312875368196
20 8 0.99999959874676259
20 9 0.99989248971092304
20 10 1.00000057140831133
20 11 0.99996415375432357
20 12 1.00001948497389836
20 13 0.99988343290166870
20 14 0.99995626557029893
20 15 1.00009381766063998
20 16 0.99988795738672420
20 17 1.00009507887947557
20 18 1.00013356514852458
20 19 0.99986887447721751
20 20 1.00013092026758144
20 21 0.99996974479433887
20 22 1.00006925747930864
20 23 1.00004888806612913
20 24 0.99996604215315044
20 25 0.99998077207099656
20 26 0.99995865298265274
20 27 1.00013309318458199
20 28 1.00005906751003804
20 29 0.99986657318222238
21 0 0.99991568938332720
21 1 1.00004644851761482
21 2 1.00013367701757083
21 3 1.00011549256734567
21 4 0.99987226910628901
21 5 0.99995593417177320
21 6 1.00001638968977624
21 7 0.99999965385729672
21 8 1.00001643247270766
21 9 0.99998921397303020
21 10 0.99999892221757014
21 11 0.99997715859842140
21 12 0.99994246157993505
21 13 0.99988708439225626
21 14 1.00009575306542597
21 15 1.00001848864100329
21 16 0.99988799948984386
21 17 0.99996952112527548
21 18 0.99990888246865928
21 19 0.99991721189216110
21 20 0.99994716291352548
21 21 0.99999402632374412
21 22 1.00005027663765400
21 23 1.00001952855089105
21 24 0.99993867190974473
21 25 0.99997447525625904
21 26 1.00006292865683077
21 27 0.99998550589439772
21 28 1.00004859612044106
21 29 0.99987469414931041
22 0 0.99989133709053069
22 1 0.99988606985142159
22 2 0.99994466506778334
22 3 0.99992128634504551
22 4 1.00012378696214466
22 5 0.99995118587896736
22 6 0.99992219739327959
22 7 0.99988067912116674
22 8 0.99993348142997873
22 9 1.00011835874957100
22 10 1.00005344309064181
22 11 1.00011379542953449
22 12 0.99996235067263317
22 13 1.00001483941826042
22 14 0.99993951831009897
22 15 1.00001471078990667
22 16 1.00012546392665502
22 17 1.00000850232764060
22 18 1.00007878255300020
22 19 0.99998356940518629
22 20 1.00009517327993835
22 21 0.99992751025643001
22 22 0.99997771616996434
22 23 0.99997800064537024
22 24 1.00000864022254254
22 25 1.00003746468555654
22 26 0.99992358923738622
22 27 0.99991548048034529
22 28 1.00005638198843672
22 29 0.99989831592588263
23 0 0.99990694660935331
23 1 0.99995415796226272
23 2 0.99995783061846866
23 3 1.00000064660676991
23 4 1.00002822397342261
23 5 0.99991964771472630
23 6 1.00008089279144019
23 7 1.00000053781046905
23 8 0.99997946277946648
23 9 0.99994290150716580
23 10 0.99996056030739355
23 11 1.00011264323503890
23 12 1.00005900231979261
23 13 0.99989718371713976
23 14 1.00007002377520138
23 15 0.99998749785615704
23 16 1.00000781473728040
23 17 0.99997164881218970
23 18 0.99995345790509038
23 19 1.00000392770793334
23 20 0.99987377003640476
23 21 0.99997357761114047
23 22 0.99990059284624488
23 23 0.99988470257774342
23 24 0.99997455547369085
23 25 0.99996005924150944
23 26 0.99987905730298909
23 27 1.00001460570420431
23 28 1.00006983288899476
23 29 0.99997000342272269
24 0 0.99993950877138882
24 1 1.00008137025671351
24 2 0.99995716834347237
24 3 0.99998433267555797
24 4 0.99997766937461341
24 5 1.00001899443396791
24 6 0.99998692595040972
24 7 1.00012699845925424
24 8 0.99999005947716935
24 9 1.00006336315405964
24 10 0.99997878927471706
24 11 1.00005644570076724
24 12 1.00010568761073371
24 13 1.00009447260985795
24 14 1.00000434900016000
24 15 0.99990933469932197
24 16 1.00007174285967748
24 17 1.00002827573706687
24 18 0.99994099209434473
24 19 1.00003147909334134
24 20 0.99988621025944679
24 21 0.99987551847811040
24 22 0.99992190700416894
24 23 0.99987837875052088
24 24 0.99990528080468377
24 25 1.00010455324194836
24 26 1.00011449681570985
24 27 1.00000556253387951
24 28 1.00002639173294416
24 29 0.99994765452097345
25 0 0.99991663146190402
25 1 0.99991993140694513
25 2 0.99997253272225062
25 3 1.00010955040281790
25 4 1.00000470855764734
25 5 1.00008689776189574
25 6 0.99993821276608974
25 7 1.00005829842481098
25 8 1.00003977784234266
25 9 1.00010772949768301
25 10 0.99989346375282839
25 11 0.99991580820752002
25 12 1.00009899414525227
25 13 0.99992690658113981
25 14 0.99994363372735884
25 15 0.99992333896372998
25 16 1.00006670333493242
25 17 0.99993780867503423
25 18 1.00010957650043841
25 19 0.99988560772314350
25 20 1.00003505621811328
25 21 0.99987894325175131
25 22 1.00004825306333212
25 23 0.99989891008548604
25 24 1.00004104613736655
25 25 0.99997207467213167
25 26 0.99993033553534938
25 27 1.00000297931852300
25 28 1.00010961608065641
25 29 0.99998101270997874
26 0 1.00010417565648302
26 1 1.00009496098853390
26 2 0.99995264553210594
26 3 1.00012059957416399
26 4 0.99999986343122882
26 5 1.00009441718728587
26 6 1.00007591730614531
26 7 1.00010240853684240
26 8 0.99996237653529962
26 9 0.99992219175821706
26 10 0.99993853960336243
26 11 0.99999606362612203
26 12 1.00001279025391376
26 13 0.99986739496351063
26 14 1.00000834018794404
26 15 0.99999496722234993
26 16 1.00011052210012430
26 17 1.00005486278173561
26 18 1.00002088639220288
26 19 1.00007743509164349
26 20 1.00010660649739624
26 21 1.00005114937899164
26 22 1.00011016276544118
26 23 1.00010402389153952
26 24 1.00005036336906983
26 25 1.00012120719720921
26 26 0.99997596972662106
26 27 1.00011972221501222
26 28 1.00006003793312992
26 29 0.99986423364123111
27 0 1.00004241118952719
27 1 1.00012508500405750
27 2 0.99996724933389758
27 3 0.99988272513751886
27 4 1.00004735195214223
27 5 1.00012061878281555
27 6 1.00009539238440426
27 7 1.00006236603888921
27 8 1.00011329763356138
27 9 1.00010916667878891
27 10 0.99999285837570007
27 11 1.00003805137157165
27 12 1.00008279321191385
27 13 1.00013909048147620
27 14 1.00000200981844123
27 15 1.00004685306226127
27 16 1.00001505739000551
27 17 1.00011813457321908
27 18 1.00007449139773996
27 19 1.00000689714121438
27 20 1.00003255012084935
27 21 1.00005800832507319
27 22 1.00007274545849212
27 23 0.99995331473519478
27 24 0.99988247126832264
27 25 1.00009954943127810
27 26 0.99997252773764933
27 27 1.00003847262266876
27 28 0.99996927216559195
27 29 0.99997469022948871
28 0 0.99991507396867307
28 1 1.00010961011176303
28 2 1.00010460556317859
28 3 1.00000082400897106
28 4 1.00010839534145202
28 5 1.00002876499826221
28 6 1.00008480057349436
28 7 0.99987439315908988
28 8 1.00007030206162750
28 9 0.99995191518785143
28 10 1.00008121877871314
28 11 0.99994671481669617
28 12 0.99995935965507943
28 13 0.99995379885482438
28 14 0.99999294090520696
28 15 1.00006604517423758
28 16 1.00011348712217396
28 17 0.99989188369912008
28 18 1.00008879721975008
28 19 0.99993797687588337
28 20 0.99988625200892223
28 21 1.00001445637411379
28 22 1.00012811261061385
28 23 1.00002798593718367
28 24 1.00007031052181805
28 25 1.00005260041438149
28 26 0.99987500098407878
28 27 0.99998711554011199
28 28 0.99992532858181515
28 29 1.00004404335022445
29 0 1.00012963218038364
29 1 1.00007324897289229
29 2 1.00013571615894681
29 3 0.99994935421859044
29 4 1.00000801665247585
29 5 0.99991673341193232
29 6 0.99992942467895074
29 7 0.99993314463442906
29 8 1.00012514495007010
29 9 1.00006813598571043
29 10 0.99999597407703311
29 11 1.00006441325442363
29 12 0.99996136732325680
29 13 0.99999813723289666
29 14 0.99992759642665852
29 15 0.99989128210077594
29 16 1.00011897843918485
29 17 1.00008194320402355
29 18 1.00011260807367752
29 19 1.00010912592446966
29 20 1.00011040240222759
29 21 1.00008968406070964
29 22 1.00004030518901810
29 23 1.00006819979281536
29 24 1.00001100032407386
29 25 1.00006995638396190
29 26 0.99997347980542006
29 27 1.00012461528588203
29 28 1.00011874646968146
29 29 0.99992349565320149
