1.18997912501885228 
1.00008095336121672 
1.00008610070346116 
0.99988866053120673 
1.00006350203883665 
1.00012439272677600 
1.00005409047283500 
1.00013505782642564 
1.00006027397604869 
1.00004827943890451 
0.99988014706056316 
1.00011121303280959 
1.00005495810360312 
1.00001943935578730 
1.00004301909041637 
0.99990728527599948 
1.00004727087581013 
0.99986403615224928 
1.00013874885404963 
0.99988289816951015 
1.00004643184325359 
0.99991568938332720 
0.99989133709053069 
0.99990694660935331 
0.99993950877138882 
0.99991663146190402 
1.00010417565648302 
1.00004241118952719 
0.99991507396867307 
1.00012963218038364 
1.00012181446745663 
1.00008989917652791 
0.99990051757128862 
1.00005963135005116 
1.00007513164508910 
0.99986518998220142 
1.00013149352449560 
0.99997172962826719 
0.99990656570027714 
0.99991511505132102 
0.99990783415923890 
1.00008181874462965 
1.00013289149666718 
1.00000868216234751 
1.00013053772864557 
0.99995363602627640 
1.00005750274979910 
1.00003472149870176 
0.99988584625414112 
0.99995401188535471 
0.99998038817013524 
1.00004644851761482 
0.99988606985142159 
0.99995415796226272 
1.00008137025671351 
0.99991993140694513 
1.00009496098853390 
1.00012508500405750 
1.00010961011176303 
1.00007324897289229 
0.99987997677076024 
1.00008858626223773 
0.99992385471902046 
1.00008245713153676 
0.99997087968031351 
1.00008969363577283 
1.00009077183693873 
1.00003207336831301 
1.00002225433507874 
0.99997778956461347 
1.00006006205836262 
1.00001755996529118 
1.00000659806845360 
0.99994406682912684 
1.00004391792550251 
0.99996363591756054 
1.00000285411908307 
0.99994654360222224 
0.99990959740901819 
0.99992390013224774 
1.00007481222380901 
1.00013367701757083 
0.99994466506778334 
0.99995783061846866 
0.99995716834347237 
0.99997253272225062 
0.99995264553210594 
0.99996724933389758 
1.00010460556317859 
1.00013571615894681 
0.99998825298333949 
0.99986373104756443 
0.99997560874837876 
0.99999123656886435 
1.00008837770119285 
1.00010463900974611 
1.00000829758186272 
0.99988360952618449 
0.99997032902172245 
1.00011831529764939 
0.99994051931942440 
0.99991700684146889 
0.99993942768614308 
0.99996574197257382 
1.00007264487088765 
1.00001219608582281 
1.00010500204579023 
1.00005284844699505 
0.99988643576943448 
0.99990370795634953 
1.00003597949987810 
1.00011549256734567 
0.99992128634504551 
1.00000064660676991 
0.99998433267555797 
1.00010955040281790 
1.00012059957416399 
0.99988272513751886 
1.00000082400897106 
0.99994935421859044 
0.99986709536414098 
1.00008167763493949 
1.00010624147606153 
0.99996535689119548 
0.99994633025542690 
0.99987619433384778 
1.00010430012546658 
1.00003682895024193 
1.00008971385227952 
0.99995007814931269 
1.00001393504436686 
0.99988394719760632 
1.00008514017048533 
1.00004562493484306 
0.99998183056951917 
1.00011040668705142 
0.99997256031174930 
0.99985993592113376 
0.99988437371463190 
0.99995964918023095 
0.99998457428743615 
0.99987226910628901 
1.00012378696214466 
1.00002822397342261 
0.99997766937461341 
1.00000470855764734 
0.99999986343122882 
1.00004735195214223 
1.00010839534145202 
1.00000801665247585 
1.00012824726353200 
1.00000853091680941 
0.99996116924439482 
0.99994495755399415 
0.99995460641794409 
1.00013322472126154 
0.99992295282718180 
1.00008538937115787 
0.99999508493296352 
0.99996769342465586 
1.00000473663861422 
1.00008717352366694 
1.00004902565009690 
0.99988505903110181 
1.00011591191477800 
0.99987155523362703 
0.99994825795337960 
0.99994677377950980 
0.99997729488536535 
1.00010391235543228 
0.99993932807172270 
0.99995593417177320 
0.99995118587896736 
0.99991964771472630 
1.00001899443396791 
1.00008689776189574 
1.00009441718728587 
1.00012061878281555 
1.00002876499826221 
0.99991673341193232 
1.00011564089371774 
1.00012862498720190 
1.00002515190075125 
1.00002584644838222 
1.00005621537091605 
0.99996706822699588 
0.99990149891343671 
1.00002825820884333 
0.99990781664797934 
1.00004019082238171 
0.99987440426746899 
1.00011772912695740 
1.00001961414659934 
0.99998904876609174 
1.00011465177190551 
0.99998579472914229 
0.99996715463958274 
0.99999589717187931 
0.99994355620017072 
1.00001388409043424 
0.99994623951948258 
1.00001638968977624 
0.99992219739327959 
1.00008089279144019 
0.99998692595040972 
0.99993821276608974 
1.00007591730614531 
1.00009539238440426 
1.00008480057349436 
0.99992942467895074 
0.99989579274391305 
0.99987657867833635 
1.00008659932105459 
0.99988836276620086 
0.99987087876701719 
1.00008167248185464 
0.99988594856657986 
0.99986850499246982 
1.00005905743354373 
0.99994881291671467 
1.00010344937662077 
1.00007882918277158 
1.00010755451858246 
1.00001799603598540 
1.00007008624136740 
0.99991571151270742 
1.00003259265058730 
0.99988052530621885 
1.00010877216858174 
0.99997437548879797 
0.99999312875368196 
0.99999965385729672 
0.99988067912116674 
1.00000053781046905 
1.00012699845925424 
1.00005829842481098 
1.00010240853684240 
1.00006236603888921 
0.99987439315908988 
0.99993314463442906 
1.00007939552489744 
0.99997137669208946 
1.00010503288303476 
1.00007097101149212 
1.00013502543737309 
0.99987609022294766 
0.99994991137594780 
1.00012611287127706 
0.99991385786447906 
1.00003886038815626 
1.00010655588377029 
1.00004405265203378 
1.00009358006365590 
1.00009697815411158 
0.99991532786600501 
1.00010133490169117 
1.00008237995232752 
1.00011313755890141 
1.00010599840636161 
0.99991936085648114 
0.99999959874676259 
1.00001643247270766 
0.99993348142997873 
0.99997946277946648 
0.99999005947716935 
1.00003977784234266 
0.99996237653529962 
1.00011329763356138 
1.00007030206162750 
1.00012514495007010 
0.99996173689028256 
1.00003031948155563 
1.00000341847394369 
0.99986938314700891 
1.00008965809915540 
1.00011744255072466 
1.00000364258713947 
0.99986780620456273 
1.00003657400558676 
0.99990819165261002 
1.00007530905066577 
1.00004089421917630 
0.99994555841928601 
1.00005652786579358 
0.99995836433801866 
1.00007866487430319 
0.99987084166336060 
1.00005374154858351 
0.99999291381387012 
0.99990547909703387 
0.99989248971092304 
0.99998921397303020 
1.00011835874957100 
0.99994290150716580 
1.00006336315405964 
1.00010772949768301 
0.99992219175821706 
1.00010916667878891 
0.99995191518785143 
1.00006813598571043 
1.00005446752022520 
0.99997688487079950 
1.00011376432904453 
0.99999257951264342 
1.00005540231434775 
0.99994304417517310 
1.00007803835030007 
1.00001540937837108 
0.99988603406198640 
1.00005008100193549 
1.00003363599639039 
0.99998447202595397 
1.00003796110187104 
1.00001125952173964 
0.99995994741462912 
0.99993269890440184 
1.00009283894562140 
0.99995003853768549 
0.99987402709533157 
1.00006797739591935 
1.00000057140831133 
0.99999892221757014 
1.00005344309064181 
0.99996056030739355 
0.99997878927471706 
0.99989346375282839 
0.99993853960336243 
0.99999285837570007 
1.00008121877871314 
0.99999597407703311 
1.00005435420485145 
1.00014325764602230 
1.00010319911230905 
0.99987527423752276 
0.99989576288167337 
0.99997020462547492 
0.99990131615986799 
0.99998518910770806 
1.00009558001514742 
1.00007114266932495 
0.99999419532958145 
12.00001240993918294 
14.99981789863225501 
19.99982340754556986 
26.99999045308059564 
36.00005211576523578 
47.00001594466079524 
60.00005837945182918 
74.99998598986751119 
92.00020844679181664 
0.99996415375432357 
0.99997715859842140 
1.00011379542953449 
1.00011264323503890 
1.00005644570076724 
0.99991580820752002 
0.99999606362612203 
1.00003805137157165 
0.99994671481669617 
1.00006441325442363 
1.00001319320704463 
0.99995226018670169 
1.00010109971073913 
1.00012953791988846 
0.99987623499827494 
0.99986934660714899 
0.99993944041172778 
1.00004849894528491 
1.00000995004349091 
0.99989553534551090 
1.00005491691836967 
13.00008113656885911 
16.00002030730267677 
21.00018332524163966 
28.00009747718523556 
37.00008392464984297 
48.00005612342609140 
60.99987541784722112 
75.99992487876096448 
92.99998173170354221 
1.00001948497389836 
0.99994246157993505 
0.99996235067263317 
1.00005900231979261 
1.00010568761073371 
1.00009899414525227 
1.00001279025391376 
1.00008279321191385 
0.99995935965507943 
0.99996136732325680 
1.00010233121116676 
0.99992646460294876 
1.00010444661498243 
0.99995188008577429 
0.99992592097910604 
1.00012212840524239 
0.99999707433107143 
0.99987121654388567 
1.00000592527882448 
0.99990522256884318 
1.00011992054222953 
14.00008373692866392 
16.99999669815318271 
22.00000263795346811 
29.00006757062245910 
38.00007446419615320 
49.00002340990853611 
62.00002790420428767 
76.99998245072941927 
93.99996135242946593 
0.99988343290166870 
0.99988708439225626 
1.00001483941826042 
0.99989718371713976 
1.00009447260985795 
0.99992690658113981 
0.99986739496351063 
1.00013909048147620 
0.99995379885482438 
0.99999813723289666 
1.00006556863831197 
1.00011393050114017 
0.99990027566251327 
0.99992921489614717 
1.00001855889653024 
0.99997895677989179 
1.00009253736815018 
0.99987428755398922 
0.99997450385544417 
0.99993299186328977 
0.99993397861079569 
15.00013235145892665 
18.00004349903126055 
23.00011590595102007 
30.00002146545602955 
39.00008285589712642 
50.00004281608964618 
63.00005978618730751 
78.00016866912568503 
94.99993385446018124 
0.99995626557029893 
1.00009575306542597 
0.99993951831009897 
1.00007002377520138 
1.00000434900016000 
0.99994363372735884 
1.00000834018794404 
1.00000200981844123 
0.99999294090520696 
0.99992759642665852 
0.99997643547910886 
1.00008166494004103 
1.00012689763262763 
0.99994244461891557 
1.00005933432372318 
0.99995770545883056 
1.00003290278908619 
0.99989293320033301 
0.99989645201501709 
0.99993683148500268 
1.00008577823296885 
16.00008191147311365 
19.00004654635681689 
24.00006140545859878 
30.99989059510734890 
39.99995005296462836 
51.00006851182354239 
64.00001028383802293 
79.00010258157479370 
95.99999777572271853 
1.00009381766063998 
1.00001848864100329 
1.00001471078990667 
0.99998749785615704 
0.99990933469932197 
0.99992333896372998 
0.99999496722234993 
1.00004685306226127 
1.00006604517423758 
0.99989128210077594 
0.99986906896052019 
1.00007756237378831 
1.00011830956515002 
0.99994797892249399 
1.00000195127842373 
1.00010118671752490 
1.00006830417129322 
0.99988541268580933 
0.99992215393556849 
1.00013719923636568 
0.99998829031958336 
16.99997174906859954 
19.99985390050580847 
24.99994286544162492 
31.99992783773397065 
40.99995360416635748 
52.00012467801398230 
65.00012269500646767 
80.00015636106255101 
96.99996304836177785 
0.99988795738672420 
0.99988799948984386 
1.00012546392665502 
1.00000781473728040 
1.00007174285967748 
1.00006670333493242 
1.00011052210012430 
1.00001505739000551 
1.00011348712217396 
1.00011897843918485 
0.99995745594913321 
1.00002654234275390 
1.00004008226256413 
1.00002401227449900 
1.00000667608399629 
1.00001864587113021 
1.00008323916170583 
0.99988902463242391 
0.99995031936326628 
0.99995158278422525 
1.00012817164842160 
17.99982646644667028 
21.00005195294087201 
26.00010275107225155 
33.00013294458945978 
42.00006925475491926 
53.00010468328106583 
66.00014606212630497 
80.99993158877762767 
98.00000101223605498 
1.00009507887947557 
0.99996952112527548 
1.00000850232764060 
0.99997164881218970 
1.00002827573706687 
0.99993780867503423 
1.00005486278173561 
1.00011813457321908 
0.99989188369912008 
1.00008194320402355 
1.00009365428179708 
1.00010284230599056 
1.00005544620906361 
1.00001194095761914 
0.99989894131491130 
1.00008788006963956 
0.99987312644212034 
0.99990204957557838 
0.99991036891009755 
1.00004314762802160 
1.00008377502398305 
18.99990695429155707 
22.00007020620453346 
26.99994360923257020 
34.00003709796973084 
43.00013896934843416 
53.99993982454670061 
66.99990204970740137 
81.99983245990597425 
99.00007230342684750 
1.00013356514852458 
0.99990888246865928 
1.00007878255300020 
0.99995345790509038 
0.99994099209434473 
1.00010957650043841 
1.00002088639220288 
1.00007449139773996 
1.00008879721975008 
1.00011260807367752 
1.00010358407836208 
1.00007980872868196 
1.00006372893707285 
1.00008742368268466 
0.99999421895889551 
1.00011971464765193 
0.99991802902310911 
0.99997310015690566 
1.00009140852370737 
0.99995331685535238 
1.00007651648740126 
19.99990868285367185 
23.00008982297461202 
28.00005017870864066 
35.00008285027647048 
43.99993574976059563 
55.00003846844427358 
67.99988830139197660 
83.00021587084329155 
100.00008470791681248 
0.99986887447721751 
0.99991721189216110 
0.99998356940518629 
1.00000392770793334 
1.00003147909334134 
0.99988560772314350 
1.00007743509164349 
1.00000689714121438 
0.99993797687588337 
1.00010912592446966 
1.00010437686761411 
1.00011212296546526 
0.99996550247795579 
1.00008911834294056 
1.00002649102254004 
0.99993509149630100 
1.00000322580085776 
1.00011959594488031 
0.99995095393928501 
0.99994230782454341 
0.99994527389889376 
1.00004755642550203 
1.00012295691749897 
1.00001808238667600 
1.00008900829741876 
1.00008915526089992 
0.99988762827678301 
0.99993526126616472 
1.00010345934197997 
1.00003786933327654 
1.00013092026758144 
0.99994716291352548 
1.00009517327993835 
0.99987377003640476 
0.99988621025944679 
1.00003505621811328 
1.00010660649739624 
1.00003255012084935 
0.99988625200892223 
1.00011040240222759 
0.99988427856062290 
1.00012061242300776 
1.00011018538668472 
1.00002068170041203 
1.00011566168537192 
0.99998242929548287 
0.99991517156027376 
1.00008972098064275 
0.99990989983825840 
1.00007930311839432 
1.00007790311796141 
1.00003960764141508 
1.00008625071310386 
1.00007180165461707 
0.99997914950780176 
0.99993989242687475 
1.00001767323998747 
1.00005680688910092 
0.99990444525637323 
1.00008086597738455 
0.99996974479433887 
0.99999402632374412 
0.99992751025643001 
0.99997357761114047 
0.99987551847811040 
0.99987894325175131 
1.00005114937899164 
1.00005800832507319 
1.00001445637411379 
1.00008968406070964 
1.00011557293811770 
1.00002130412423362 
0.99996228904595386 
0.99999104384848181 
1.00011156671509283 
0.99988905185045651 
1.00011655111160036 
0.99992060253984338 
0.99992566156265750 
1.00006874623057440 
1.00009277886032599 
0.99988565124757112 
1.00008575595857074 
0.99990489119153769 
0.99992749172618800 
0.99990096501789871 
0.99996287091114477 
1.00007498134338779 
0.99999390279993794 
0.99995928931921019 
1.00006925747930864 
1.00005027663765400 
0.99997771616996434 
0.99990059284624488 
0.99992190700416894 
1.00004825306333212 
1.00011016276544118 
1.00007274545849212 
1.00012811261061385 
1.00004030518901810 
0.99991038872932614 
1.00013579928926344 
0.99987586292184860 
0.99989789550833563 
0.99993020181125669 
0.99986265346737113 
1.00008366339873467 
1.00004795695529047 
1.00000194557016697 
1.00004947397508825 
0.99992277567190124 
1.00011831510433669 
1.00003355678231531 
0.99996231976511940 
1.00004737247833742 
0.99993399481031042 
0.99991417411546479 
0.99996857994663435 
0.99989255362530693 
1.00001487726820826 
1.00004888806612913 
1.00001952855089105 
0.99997800064537024 
0.99988470257774342 
0.99987837875052088 
0.99989891008548604 
1.00010402389153952 
0.99995331473519478 
1.00002798593718367 
1.00006819979281536 
1.00005387021841052 
0.99997252198127573 
0.99996264253075351 
1.00003695415466498 
0.99990491024533923 
0.99987576230546893 
0.99989295102157716 
0.99990550423551927 
0.99991060223457717 
1.00013140861275263 
1.00006458171069657 
0.99990909713887965 
0.99998098707231053 
1.00002318653727840 
1.00011115057445821 
1.00011239158008047 
1.00009176061711136 
1.00003907860362595 
1.00008290774055486 
0.99987617189052291 
0.99996604215315044 
0.99993867190974473 
1.00000864022254254 
0.99997455547369085 
0.99990528080468377 
1.00004104613736655 
1.00005036336906983 
0.99988247126832264 
1.00007031052181805 
1.00001100032407386 
0.99991940511108779 
0.99987126251282632 
1.00003018189038473 
0.99990074459543765 
1.00001120146019984 
0.99995852662207552 
0.99987985414580016 
1.00014027092320346 
0.99987655229906558 
0.99990385915913960 
0.99999545451562633 
0.99991798535124110 
0.99994278839564621 
0.99999798984689958 
0.99995938726498834 
1.00003866303438316 
1.00008682140020833 
1.00002652554677529 
0.99988261849638815 
0.99999944877797331 
0.99998077207099656 
0.99997447525625904 
1.00003746468555654 
0.99996005924150944 
1.00010455324194836 
0.99997207467213167 
1.00012120719720921 
1.00009954943127810 
1.00005260041438149 
1.00006995638396190 
1.00001446229109092 
1.00012666017326790 
0.99997066039811910 
1.00012961309832571 
1.00006102838035327 
1.00008656422195230 
1.00008340088130598 
1.00005492259046402 
1.00006009995754863 
1.00010781054207754 
0.99998443072765997 
1.00011050322219797 
0.99998607349162016 
1.00000637788032587 
0.99994372104189788 
1.00012285763774633 
1.00005453822403911 
1.00006209409692692 
1.00005848658094321 
0.99997074348404502 
0.99995865298265274 
1.00006292865683077 
0.99992358923738622 
0.99987905730298909 
1.00011449681570985 
0.99993033553534938 
0.99997596972662106 
0.99997252773764933 
0.99987500098407878 
0.99997347980542006 
1.00011548228352543 
1.00012190577451299 
1.00002244137181351 
1.00001541130442040 
1.00012588191470830 
0.99995489571362006 
1.00000110204304038 
1.00003188299024015 
0.99993795069597313 
1.00012135079281239 
0.99996052104372513 
1.00012479931467424 
0.99997449201787425 
1.00011481278175540 
1.00009198574198610 
1.00003550619300063 
1.00008283254462405 
0.99996862034479672 
0.99992872654729337 
1.00003312737905370 
1.00013309318458199 
0.99998550589439772 
0.99991548048034529 
1.00001460570420431 
1.00000556253387951 
1.00000297931852300 
1.00011972221501222 
1.00003847262266876 
0.99998711554011199 
1.00012461528588203 
1.00005509079744859 
0.99998344324134503 
0.99993887395282677 
0.99986891906824404 
0.99987183558293991 
1.00006794984927683 
1.00003057209153656 
1.00011607227917865 
1.00005054645660230 
0.99992061597014947 
0.99994648717474788 
1.00013138419543823 
0.99993632798296483 
0.99996181110957960 
1.00002826666321187 
0.99993619084757157 
1.00005517637288066 
1.00005240662972139 
0.99993582978203310 
1.00008130528695771 
1.00005906751003804 
1.00004859612044106 
1.00005638198843672 
1.00006983288899476 
1.00002639173294416 
1.00010961608065641 
1.00006003793312992 
0.99996927216559195 
0.99992532858181515 
1.00011874646968146 
1.00009880839513410 
0.99988717898381918 
0.99997026509141584 
1.00010846459294256 
1.00003057968141595 
1.00006289019192773 
1.00011377700673343 
0.99999673377700182 
0.99998128309163414 
0.99995921376605579 
0.99994540715750901 
1.00006917438262466 
0.99993834292105910 
0.99986292633177254 
1.00011492732053808 
1.00007100273827598 
1.00009779713799229 
1.00013546290531141 
0.99998777159424068 
1.00011606979817391 
0.99986657318222238 
0.99987469414931041 
0.99989831592588263 
0.99997000342272269 
0.99994765452097345 
0.99998101270997874 
0.99986423364123111 
0.99997469022948871 
1.00004404335022445 
0.99992349565320149 
