0 0 449.99888233148163863
0 1 421.00020439800181293
0 2 394.00112455133972844
0 3 369.00032663950963752
0 4 346.00130364200521171
0 5 324.99948925180638071
0 6 305.99968007294182826
0 7 289.00082793349872645
0 8 273.99930591080288877
0 9 261.00069550344153413
0 10 250.00003671188443377
0 11 240.99985731850500770
0 12 233.99921126916478897
0 13 228.99975985497121655
0 14 225.99983932468600756
0 15 225.00009357338072391
0 16 226.00010482941800660
0 17 228.99967562391660181
0 18 233.99984390028134840
0 19 241.00042689545176700
0 20 249.99965290695175213
0 21 261.00065631075312922
0 22 274.00060917438503338
0 23 289.00103352488849850
1 0 421.00034584615440281
1 1 391.99963351045886384
1 2 364.99852386077998290
1 3 340.00036312031375019
1 4 316.99941368541948350
1 5 296.00018892384434821
1 6 276.99922180613282308
1 7 260.00050930044028519
1 8 244.99988074959159690
1 9 232.00008303363048867
1 10 220.99998009166259294
1 11 211.99988866994092973
1 12 204.99974305923939255
1 13 200.00016941440281926
1 14 196.99969257889591745
1 15 196.00026865537449794
1 16 197.00011832911673082
1 17 199.99995098396757953
1 18 204.99987330069987479
1 19 212.00020541559425169
1 20 221.00045187317277851
1 21 232.00034318150613899
1 22 245.00019668998425004
1 23 260.00028938930580580
2 0 394.00055543933655144
2 1 365.00033731894808398
2 2 337.99982793470161369
2 3 312.99894943169169892
2 4 290.00064276828919674
2 5 269.00013556652260149
2 6 250.00042361542352864
2 7 233.00013852610743470
2 8 217.99990217611397725
2 9 205.00015631130440852
2 10 194.00002971110203021
2 11 184.99989656388592607
2 12 177.99986598232945312
2 13 173.00017954198628445
2 14 170.00002905164049594
2 15 168.99981791803693909
2 16 169.99999225401427339
2 17 173.00007180289830444
2 18 178.00007463830206689
2 19 184.99997037580581605
2 20 194.00006009122782302
2 21 204.99983782296109780
2 22 218.00007548755368703
2 23 233.00059044085301707
3 0 368.99918896162466808
3 1 340.00087999116254878
3 2 312.99950452825356706
3 3 288.00095685337913665
3 4 264.99968722848149127
3 5 244.00028696317809818
3 6 225.00000564698618177
3 7 207.99989771323157584
3 8 193.00027745195839657
3 9 180.00000355266408292
3 10 169.00001294115281780
3 11 159.99985919111503563
3 12 152.99986834108977973
3 13 148.00015554611590574
3 14 145.00027539449544633
3 15 144.00009236685789915
3 16 145.00012963993762583
3 17 147.99982956569354542
3 18 153.00019042855234375
3 19 159.99999367268517858
3 20 169.00001204843403002
3 21 180.00011906338806966
3 22 193.00009788187014692
3 23 207.99987527601652459
4 0 345.99894999206389912
4 1 317.00012600453811729
4 2 290.00067038675740605
4 3 264.99956795572165902
4 4 241.99937175583696103
4 5 221.00012352012726069
4 6 202.00000630913001487
4 7 184.99998059107753079
4 8 170.00010959769707597
4 9 157.00006658646790925
4 10 146.00020212628396621
4 11 136.99991042430303878
4 12 130.00002245400210654
4 13 125.00022525385710992
4 14 122.00015952936011843
4 15 120.99994265363353918
4 16 121.99990399554698683
4 17 124.99994593604978377
4 18 130.00003283914406893
4 19 137.00005730815459515
4 20 145.99983285999212512
4 21 157.00011312996429069
4 22 169.99995001512283466
4 23 185.00014342054652161
5 0 325.00040204786790810
5 1 296.00098507911980050
5 2 268.99997857372079579
5 3 244.00030968545587484
5 4 220.99998497461251645
5 5 199.99999304135005218
5 6 180.99986505355326472
5 7 163.99977425314654056
5 8 149.00014422466026076
5 9 135.99995158640439286
5 10 124.99997055515193267
5 11 115.99983390522702109
5 12 109.00017684989097688
5 13 103.99992005703059306
5 14 100.99987234497633892
5 15 100.00007848561855894
5 16 100.99994845018848366
5 17 103.99997608971730756
5 18 109.00002405272340411
5 19 116.00021218135631784
5 20 124.99999969807859657
5 21 135.99988429705464910
5 22 148.99993122719931193
5 23 163.99988759549796669
6 0 306.00043459050675665
6 1 276.99888122664401635
6 2 250.00009954216645269
6 3 224.99906400639088133
6 4 201.99983641390150524
6 5 181.00008426489816316
6 6 161.99988335911083936
6 7 144.99984690898389772
6 8 130.00009251757245465
6 9 116.99983587916645433
6 10 106.00004026698914572
6 11 96.99984501761777267
6 12 90.00005861986699074
6 13 84.99994911209526549
6 14 81.99998369570364787
6 15 81.00009899546533632
6 16 82.00012775982085600
6 17 84.99991880360011010
6 18 90.00008585263832117
6 19 96.99992180322348645
6 20 105.99984748909071186
6 21 116.99993454372291524
6 22 130.00019560901995419
6 23 144.99995108059090398
7 0 288.99910911673885039
7 1 260.00094397253207035
7 2 233.00023817627914013
7 3 207.99991927589644547
7 4 184.99993930302480294
7 5 164.00001033761469671
7 6 145.00011732291227418
7 7 128.00010447194739527
7 8 112.99996579053939172
7 9 99.99982908406150273
7 10 89.00001905027654914
7 11 80.00004715681504308
7 12 72.99997251644306573
7 13 67.99999141651382217
7 14 64.99989921280833016
7 15 63.99988665486583272
7 16 65.00008682843542829
7 17 68.00006992197150169
7 18 72.99992111342622536
7 19 80.00015053482549376
7 20 88.99991545843589336
7 21 99.99993397796178840
7 22 113.00000229142602848
7 23 127.99995841626638082
8 0 273.99924631971526878
8 1 244.99945175897946115
8 2 217.99991610697972533
8 3 192.99997425734318313
8 4 170.00009629804375777
8 5 149.00001368758825038
8 6 130.00007958624590287
8 7 113.00003997407462464
8 8 97.99988681057057249
8 9 85.00004709643242506
8 10 73.99998149011706516
8 11 64.99996366256804947
8 12 57.99994308383219277
8 13 52.99998212476765502
8 14 50.00010593301332307
8 15 48.99993636150991705
8 16 49.99993533888176955
8 17 52.99993841711184217
8 18 58.00007916762341154
8 19 65.00006917246034277
8 20 73.99997968894987821
8 21 85.00009303388007709
8 22 97.99998365086354113
8 23 112.99985329997402062
9 0 261.00003610779191376
9 1 231.99996359790932843
9 2 204.99993646160953631
9 3 179.99975466054991102
9 4 156.99997540489803782
9 5 135.99998897053347946
9 6 116.99991168344389791
9 7 100.00019321660971627
9 8 85.00005961333762627
9 9 71.99992475382343571
9 10 60.99995961995464455
9 11 51.99995462327518680
9 12 45.00004317062757053
9 13 39.99995405804175164
9 14 37.00003361217532927
9 15 36.00008848023703933
9 16 36.99995629848765333
9 17 40.00002890266372191
9 18 44.99987542040901189
9 19 52.00000083391885397
9 20 60.99994959995353838
9 21 72.00004246669321617
9 22 85.00005852668300577
9 23 99.99995132392967889
10 0 250.00073795133079102
10 1 221.00018203968684816
10 2 194.00007026036331581
10 3 169.00005259486246700
10 4 146.00006099770459400
10 5 124.99991692626046813
10 6 105.99995329729763682
10 7 89.00008555477045036
10 8 73.99993854643901159
10 9 61.00005462935644118
10 10 49.99994436616758264
10 11 40.99986517383155871
10 12 33.99998241876248528
10 13 28.99988383308548734
10 14 25.99991554339293742
10 15 25.00000854465681144
10 16 26.00001914909385192
10 17 29.00008487622833897
10 18 34.00006256065599786
10 19 40.99995182583602116
10 20 49.99992611815612520
10 21 61.00004432071573746
10 22 73.99997946837423513
10 23 88.99999376937715567
11 0 241.00070226289469133
11 1 211.99986692485987305
11 2 185.00003625290980835
11 3 159.99988237563820803
11 4 136.99982101872987528
11 5 115.99998612447235757
11 6 96.99983744992780998
11 7 79.99987421709063540
11 8 64.99992069090134805
11 9 51.99996693378823664
11 10 40.99993848991179846
11 11 31.99997694296825657
11 12 25.00002355707467316
11 13 20.00000982986737341
11 14 17.00001408262406244
11 15 16.00002400923125734
11 16 16.99998602540739157
11 17 20.00000459237534400
11 18 25.00004438404651808
11 19 31.99992147362375761
11 20 40.99990178257728957
11 21 52.00002337754000337
11 22 65.00002501434272517
11 23 79.99997296606834141
12 0 234.00054278005703168
12 1 204.99981345571671909
12 2 178.00022533695891980
12 3 152.99998045907884148
12 4 130.00015695161687290
12 5 108.99995968143126390
12 6 90.00014503496696250
12 7 72.99993848581743805
12 8 57.99991524146350486
12 9 45.00007152909414998
12 10 33.99993117543542809
12 11 24.99989667807258087
12 12 18.00002165635732609
12 13 13.00001230029861787
12 14 10.00000662464855949
12 15 8.99998822402572962
12 16 9.99999354498359416
12 17 13.00000205770961870
12 18 17.99997802721523144
12 19 25.00008380568486643
12 20 34.00013016190705173
12 21 45.00010242440718855
12 22 57.99999012042768953
12 23 72.99987887843302303
13 0 228.99967065327001592
13 1 199.99994052076689854
13 2 172.99986136258510783
13 3 147.99989896532153466
13 4 124.99978942367093282
13 5 103.99996039181790763
13 6 84.99997566720233522
13 7 68.00015686763958911
13 8 52.99993037248298577
13 9 39.99997213471283430
13 10 28.99993326867227239
13 11 20.00000055288129985
13 12 13.00002134084393113
13 13 8.00000796182217044
13 14 5.00001174778345980
13 15 4.00001189883878450
13 16 5.00000451713409610
13 17 8.00000844791372856
13 18 12.99999405215584858
13 19 19.99998861959615581
13 20 29.00008177932333453
13 21 39.99988802603319726
13 22 52.99994812726903604
13 23 67.99994278312505003
14 0 226.00016717484402307
14 1 196.99988124345551910
14 2 170.00011706928566468
14 3 144.99991225094055380
14 4 121.99991698809219542
14 5 101.00007585641962748
14 6 81.99998166288214918
14 7 64.99994721416864252
14 8 50.00007982410669172
14 9 36.99996377443181217
14 10 26.00001782010954798
14 11 16.99999290852339229
14 12 10.00001020743415303
14 13 5.00000127324350174
14 14 2.00000449885884635
14 15 0.99998940833097538
14 16 1.99999044893800892
14 17 4.99999878557820487
14 18 10.00000948238575660
14 19 17.00002201716914385
14 20 25.99990939711382154
14 21 36.99997849510075554
14 22 49.99991796481739215
14 23 64.99994783177146473
15 0 224.99981102748415651
15 1 196.00020168286906141
15 2 169.00005130659607744
15 3 143.99996631570581940
15 4 121.00000960364219793
15 5 100.00008050506039581
15 6 80.99986750339293451
15 7 63.99993371995868330
15 8 49.00008405124908961
15 9 36.00003699179634964
15 10 25.00001716738010771
15 11 15.99999297830620115
15 12 8.99999464640268698
15 13 3.99999199885299195
15 14 0.99999776087272541
15 15 -0.00000313916051398
15 16 0.99999858231143379
15 17 3.99999973867846936
15 18 8.99999818334364399
15 19 16.00000713066127744
15 20 24.99997528649315015
15 21 36.00006844881938406
15 22 48.99991059651052439
15 23 63.99990731546574807
16 0 226.00014097590266715
16 1 196.99997317742426617
16 2 170.00014732228910930
16 3 144.99987090650009236
16 4 122.00016926972868703
16 5 101.00000039347567338
16 6 82.00009181020666915
16 7 64.99995056207896482
16 8 50.00013288360029406
16 9 36.99998446073406910
16 10 25.99990414999205868
16 11 16.99999613104995788
16 12 9.99999529100524498
16 13 5.00000561973598323
16 14 2.00000846329372184
16 15 0.99999743001609276
16 16 1.99999891723320289
16 17 5.00000340192353931
16 18 10.00000925939411900
16 19 16.99999784452981899
16 20 26.00006816000573195
16 21 37.00009379061555137
16 22 49.99999948009837425
16 23 64.99989182899697937
17 0 228.99986895023468492
17 1 199.99970254383325141
17 2 172.99998874016145578
17 3 147.99984747975432242
17 4 124.99986743655594523
17 5 104.00008632525663188
17 6 85.00006615236262064
17 7 68.00006123198701857
17 8 52.99997405262777761
17 9 40.00006531437274049
17 10 28.99999208578257637
17 11 19.99998186652330645
17 12 13.00001861653596791
17 13 8.00000820202758511
17 14 5.00001058899654094
17 15 4.00000191713458442
17 16 5.00000227333873504
17 17 8.00000106942182931
17 18 12.99999426263095792
17 19 19.99999131020180698
17 20 28.99998805649043732
17 21 39.99991898379712296
17 22 52.99994043701465785
17 23 68.00002534360730522
18 0 233.99908817637856373
18 1 205.00015602427117756
18 2 178.00004711022677384
18 3 153.00012217911071843
18 4 130.00005494203034573
18 5 109.00003195379416354
18 6 90.00010394527112112
18 7 73.00004373292931348
18 8 58.00011339190530180
18 9 44.99994764767452438
18 10 34.00002481673650578
18 11 24.99995403394521176
18 12 18.00000348226203783
18 13 12.99999231831432311
18 14 9.99999715494079311
18 15 9.00000510304722212
18 16 10.00001031630219472
18 17 12.99999721789745877
18 18 17.99999268405137087
18 19 25.00006852418164627
18 20 34.00012321383422176
18 21 44.99991167468785136
18 22 57.99997314651442082
18 23 72.99997402297502447
19 0 241.00028546495980208
19 1 212.00000157005098345
19 2 184.99995336175837224
19 3 160.00006650209135728
19 4 136.99992580445046997
19 5 115.99984487769006591
19 6 97.00002976194419091
19 7 80.00011772357548523
19 8 65.00013121872079580
19 9 51.99995789968575366
19 10 40.99997673294150502
19 11 31.99991294101814887
19 12 25.00000541177893609
19 13 19.99998949626337463
19 14 17.00000763934918524
19 15 16.00000205184367275
19 16 16.99999989354652286
19 17 19.99998858659077428
19 18 24.99999967007346058
19 19 31.99994534258270562
19 20 40.99990589655777740
19 21 52.00013043232809906
19 22 64.99995600925242911
19 23 79.99992032717271684
20 0 250.00051566400790648
20 1 221.00008448050621723
20 2 193.99983106010418510
20 3 169.00007516420572529
20 4 146.00018250276897902
20 5 125.00010278072410586
20 6 105.99994882717348332
20 7 88.99999087507541162
20 8 73.99987693520044729
20 9 61.00010456625884103
20 10 50.00004684278861333
20 11 40.99995687196629035
20 12 34.00003297723561957
20 13 29.00004242350284400
20 14 26.00001485323203454
20 15 25.00002051350284304
20 16 25.99989550093065205
20 17 29.00000020956958835
20 18 33.99990366564837529
20 19 41.00002410711289258
20 20 49.99990118567767183
20 21 61.00010446231346606
20 22 74.00002776344425115
20 23 88.99979476568039161
21 0 261.00055867389551167
21 1 232.00080796624251889
21 2 204.99998939769369599
21 3 179.99991265910168181
21 4 156.99979692283855570
21 5 136.00020262328035869
21 6 117.00016054253094921
21 7 100.00006034788336251
21 8 84.99997894998037395
21 9 72.00011678624171907
21 10 60.99999886241521807
21 11 52.00004553426524723
21 12 45.00009957317189446
21 13 39.99997943816904922
21 14 36.99995375850854629
21 15 36.00008234499572524
21 16 37.00013626528505739
21 17 39.99999080578221111
21 18 45.00006171579445891
21 19 52.00004816238127603
21 20 60.99998917766455975
21 21 72.00009068512861177
21 22 85.00001035079441181
21 23 99.99987977265905670
22 0 273.99981661163099034
22 1 245.00044762870177806
22 2 218.00015038301202708
22 3 193.00008029776486751
22 4 169.99992810402591203
22 5 149.00018683106839035
22 6 129.99998174833103803
22 7 113.00006829537865372
22 8 97.99995721148967220
22 9 84.99979370394763123
22 10 74.00002874080318804
22 11 64.99990459090327022
22 12 57.99996931695856972
22 13 53.00006122900165906
22 14 50.00013822611358449
22 15 48.99999576623125108
22 16 49.99998979717551606
22 17 52.99989075755826207
22 18 58.00002552190675686
22 19 64.99992788450320802
22 20 74.00002420750266197
22 21 84.99993128478246263
22 22 97.99981324486691392
22 23 113.00005374757679988
23 0 289.00044428251953832
23 1 260.00106499437231378
23 2 232.99984891662015229
23 3 208.00015123315219512
23 4 184.99989284683323376
23 5 164.00005151672363013
23 6 144.99983422849007297
23 7 127.99999124661128747
23 8 112.99982622536067822
23 9 100.00009359119903252
23 10 88.99996947591358776
23 11 80.00014352734203271
23 12 73.00008642602591635
23 13 67.99992704056947446
23 14 65.00010221823733048
23 15 64.00010900874235631
23 16 65.00002581317708916
23 17 68.00009025778459204
23 18 72.99987699218256409
23 19 80.00004148644782731
23 20 88.99983803741716315
23 21 100.00001930776447523
23 22 113.00008537270355191
23 23 128.00007753734473681
