24 24
449.99888233148163863 
421.00034584615440281 
394.00055543933655144 
368.99918896162466808 
345.99894999206389912 
325.00040204786790810 
306.00043459050675665 
288.99910911673885039 
273.99924631971526878 
261.00003610779191376 
250.00073795133079102 
241.00070226289469133 
234.00054278005703168 
228.99967065327001592 
226.00016717484402307 
224.99981102748415651 
226.00014097590266715 
228.99986895023468492 
233.99908817637856373 
241.00028546495980208 
250.00051566400790648 
261.00055867389551167 
273.99981661163099034 
289.00044428251953832 
421.00020439800181293 
391.99963351045886384 
365.00033731894808398 
340.00087999116254878 
317.00012600453811729 
296.00098507911980050 
276.99888122664401635 
260.00094397253207035 
244.99945175897946115 
231.99996359790932843 
221.00018203968684816 
211.99986692485987305 
204.99981345571671909 
199.99994052076689854 
196.99988124345551910 
196.00020168286906141 
196.99997317742426617 
199.99970254383325141 
205.00015602427117756 
212.00000157005098345 
221.00008448050621723 
232.00080796624251889 
245.00044762870177806 
260.00106499437231378 
394.00112455133972844 
364.99852386077998290 
337.99982793470161369 
312.99950452825356706 
290.00067038675740605 
268.99997857372079579 
250.00009954216645269 
233.00023817627914013 
217.99991610697972533 
204.99993646160953631 
194.00007026036331581 
185.00003625290980835 
178.00022533695891980 
172.99986136258510783 
170.00011706928566468 
169.00005130659607744 
170.00014732228910930 
172.99998874016145578 
178.00004711022677384 
184.99995336175837224 
193.99983106010418510 
204.99998939769369599 
218.00015038301202708 
232.99984891662015229 
369.00032663950963752 
340.00036312031375019 
312.99894943169169892 
288.00095685337913665 
264.99956795572165902 
244.00030968545587484 
224.99906400639088133 
207.99991927589644547 
192.99997425734318313 
179.99975466054991102 
169.00005259486246700 
159.99988237563820803 
152.99998045907884148 
147.99989896532153466 
144.99991225094055380 
143.99996631570581940 
144.99987090650009236 
147.99984747975432242 
153.00012217911071843 
160.00006650209135728 
169.00007516420572529 
179.99991265910168181 
193.00008029776486751 
208.00015123315219512 
346.00130364200521171 
316.99941368541948350 
290.00064276828919674 
264.99968722848149127 
241.99937175583696103 
220.99998497461251645 
201.99983641390150524 
184.99993930302480294 
170.00009629804375777 
156.99997540489803782 
146.00006099770459400 
136.99982101872987528 
130.00015695161687290 
124.99978942367093282 
121.99991698809219542 
121.00000960364219793 
122.00016926972868703 
124.99986743655594523 
130.00005494203034573 
136.99992580445046997 
146.00018250276897902 
156.99979692283855570 
169.99992810402591203 
184.99989284683323376 
324.99948925180638071 
296.00018892384434821 
269.00013556652260149 
244.00028696317809818 
221.00012352012726069 
199.99999304135005218 
181.00008426489816316 
164.00001033761469671 
149.00001368758825038 
135.99998897053347946 
124.99991692626046813 
115.99998612447235757 
108.99995968143126390 
103.99996039181790763 
101.00007585641962748 
100.00008050506039581 
101.00000039347567338 
104.00008632525663188 
109.00003195379416354 
115.99984487769006591 
125.00010278072410586 
136.00020262328035869 
149.00018683106839035 
164.00005151672363013 
305.99968007294182826 
276.99922180613282308 
250.00042361542352864 
225.00000564698618177 
202.00000630913001487 
180.99986505355326472 
161.99988335911083936 
145.00011732291227418 
130.00007958624590287 
116.99991168344389791 
105.99995329729763682 
96.99983744992780998 
90.00014503496696250 
84.99997566720233522 
81.99998166288214918 
80.99986750339293451 
82.00009181020666915 
85.00006615236262064 
90.00010394527112112 
97.00002976194419091 
105.99994882717348332 
117.00016054253094921 
129.99998174833103803 
144.99983422849007297 
289.00082793349872645 
260.00050930044028519 
233.00013852610743470 
207.99989771323157584 
184.99998059107753079 
163.99977425314654056 
144.99984690898389772 
128.00010447194739527 
113.00003997407462464 
100.00019321660971627 
89.00008555477045036 
79.99987421709063540 
72.99993848581743805 
68.00015686763958911 
64.99994721416864252 
63.99993371995868330 
64.99995056207896482 
68.00006123198701857 
73.00004373292931348 
80.00011772357548523 
88.99999087507541162 
100.00006034788336251 
113.00006829537865372 
127.99999124661128747 
273.99930591080288877 
244.99988074959159690 
217.99990217611397725 
193.00027745195839657 
170.00010959769707597 
149.00014422466026076 
130.00009251757245465 
112.99996579053939172 
97.99988681057057249 
85.00005961333762627 
73.99993854643901159 
64.99992069090134805 
57.99991524146350486 
52.99993037248298577 
50.00007982410669172 
49.00008405124908961 
50.00013288360029406 
52.99997405262777761 
58.00011339190530180 
65.00013121872079580 
73.99987693520044729 
84.99997894998037395 
97.99995721148967220 
112.99982622536067822 
261.00069550344153413 
232.00008303363048867 
205.00015631130440852 
180.00000355266408292 
157.00006658646790925 
135.99995158640439286 
116.99983587916645433 
99.99982908406150273 
85.00004709643242506 
71.99992475382343571 
61.00005462935644118 
51.99996693378823664 
45.00007152909414998 
39.99997213471283430 
36.99996377443181217 
36.00003699179634964 
36.99998446073406910 
40.00006531437274049 
44.99994764767452438 
51.99995789968575366 
61.00010456625884103 
72.00011678624171907 
84.99979370394763123 
100.00009359119903252 
250.00003671188443377 
220.99998009166259294 
194.00002971110203021 
169.00001294115281780 
146.00020212628396621 
124.99997055515193267 
106.00004026698914572 
89.00001905027654914 
73.99998149011706516 
60.99995961995464455 
49.99994436616758264 
40.99993848991179846 
33.99993117543542809 
28.99993326867227239 
26.00001782010954798 
25.00001716738010771 
25.99990414999205868 
28.99999208578257637 
34.00002481673650578 
40.99997673294150502 
50.00004684278861333 
60.99999886241521807 
74.00002874080318804 
88.99996947591358776 
240.99985731850500770 
211.99988866994092973 
184.99989656388592607 
159.99985919111503563 
136.99991042430303878 
115.99983390522702109 
96.99984501761777267 
80.00004715681504308 
64.99996366256804947 
51.99995462327518680 
40.99986517383155871 
31.99997694296825657 
24.99989667807258087 
20.00000055288129985 
16.99999290852339229 
15.99999297830620115 
16.99999613104995788 
19.99998186652330645 
24.99995403394521176 
31.99991294101814887 
40.99995687196629035 
52.00004553426524723 
64.99990459090327022 
80.00014352734203271 
233.99921126916478897 
204.99974305923939255 
177.99986598232945312 
152.99986834108977973 
130.00002245400210654 
109.00017684989097688 
90.00005861986699074 
72.99997251644306573 
57.99994308383219277 
45.00004317062757053 
33.99998241876248528 
25.00002355707467316 
18.00002165635732609 
13.00002134084393113 
10.00001020743415303 
8.99999464640268698 
9.99999529100524498 
13.00001861653596791 
18.00000348226203783 
25.00000541177893609 
34.00003297723561957 
45.00009957317189446 
57.99996931695856972 
73.00008642602591635 
228.99975985497121655 
200.00016941440281926 
173.00017954198628445 
148.00015554611590574 
125.00022525385710992 
103.99992005703059306 
84.99994911209526549 
67.99999141651382217 
52.99998212476765502 
39.99995405804175164 
28.99988383308548734 
20.00000982986737341 
13.00001230029861787 
8.00000796182217044 
5.00000127324350174 
3.99999199885299195 
5.00000561973598323 
8.00000820202758511 
12.99999231831432311 
19.99998949626337463 
29.00004242350284400 
39.99997943816904922 
53.00006122900165906 
67.99992704056947446 
225.99983932468600756 
196.99969257889591745 
170.00002905164049594 
145.00027539449544633 
122.00015952936011843 
100.99987234497633892 
81.99998369570364787 
64.99989921280833016 
50.00010593301332307 
37.00003361217532927 
25.99991554339293742 
17.00001408262406244 
10.00000662464855949 
5.00001174778345980 
2.00000449885884635 
0.99999776087272541 
2.00000846329372184 
5.00001058899654094 
9.99999715494079311 
17.00000763934918524 
26.00001485323203454 
36.99995375850854629 
50.00013822611358449 
65.00010221823733048 
225.00009357338072391 
196.00026865537449794 
168.99981791803693909 
144.00009236685789915 
120.99994265363353918 
100.00007848561855894 
81.00009899546533632 
63.99988665486583272 
48.99993636150991705 
36.00008848023703933 
25.00000854465681144 
16.00002400923125734 
8.99998822402572962 
4.00001189883878450 
0.99998940833097538 
-0.00000313916051398 
0.99999743001609276 
4.00000191713458442 
9.00000510304722212 
16.00000205184367275 
25.00002051350284304 
36.00008234499572524 
48.99999576623125108 
64.00010900874235631 
226.00010482941800660 
197.00011832911673082 
169.99999225401427339 
145.00012963993762583 
121.99990399554698683 
100.99994845018848366 
82.00012775982085600 
65.00008682843542829 
49.99993533888176955 
36.99995629848765333 
26.00001914909385192 
16.99998602540739157 
9.99999354498359416 
5.00000451713409610 
1.99999044893800892 
0.99999858231143379 
1.99999891723320289 
5.00000227333873504 
10.00001031630219472 
16.99999989354652286 
25.99989550093065205 
37.00013626528505739 
49.99998979717551606 
65.00002581317708916 
228.99967562391660181 
199.99995098396757953 
173.00007180289830444 
147.99982956569354542 
124.99994593604978377 
103.99997608971730756 
84.99991880360011010 
68.00006992197150169 
52.99993841711184217 
40.00002890266372191 
29.00008487622833897 
20.00000459237534400 
13.00000205770961870 
8.00000844791372856 
4.99999878557820487 
3.99999973867846936 
5.00000340192353931 
8.00000106942182931 
12.99999721789745877 
19.99998858659077428 
29.00000020956958835 
39.99999080578221111 
52.99989075755826207 
68.00009025778459204 
233.99984390028134840 
204.99987330069987479 
178.00007463830206689 
153.00019042855234375 
130.00003283914406893 
109.00002405272340411 
90.00008585263832117 
72.99992111342622536 
58.00007916762341154 
44.99987542040901189 
34.00006256065599786 
25.00004438404651808 
17.99997802721523144 
12.99999405215584858 
10.00000948238575660 
8.99999818334364399 
10.00000925939411900 
12.99999426263095792 
17.99999268405137087 
24.99999967007346058 
33.99990366564837529 
45.00006171579445891 
58.00002552190675686 
72.99987699218256409 
241.00042689545176700 
212.00020541559425169 
184.99997037580581605 
159.99999367268517858 
137.00005730815459515 
116.00021218135631784 
96.99992180322348645 
80.00015053482549376 
65.00006917246034277 
52.00000083391885397 
40.99995182583602116 
31.99992147362375761 
25.00008380568486643 
19.99998861959615581 
17.00002201716914385 
16.00000713066127744 
16.99999784452981899 
19.99999131020180698 
25.00006852418164627 
31.99994534258270562 
41.00002410711289258 
52.00004816238127603 
64.99992788450320802 
80.00004148644782731 
249.99965290695175213 
221.00045187317277851 
194.00006009122782302 
169.00001204843403002 
145.99983285999212512 
124.99999969807859657 
105.99984748909071186 
88.99991545843589336 
73.99997968894987821 
60.99994959995353838 
49.99992611815612520 
40.99990178257728957 
34.00013016190705173 
29.00008177932333453 
25.99990939711382154 
24.99997528649315015 
26.00006816000573195 
28.99998805649043732 
34.00012321383422176 
40.99990589655777740 
49.99990118567767183 
60.99998917766455975 
74.00002420750266197 
88.99983803741716315 
261.00065631075312922 
232.00034318150613899 
204.99983782296109780 
180.00011906338806966 
157.00011312996429069 
135.99988429705464910 
116.99993454372291524 
99.99993397796178840 
85.00009303388007709 
72.00004246669321617 
61.00004432071573746 
52.00002337754000337 
45.00010242440718855 
39.99988802603319726 
36.99997849510075554 
36.00006844881938406 
37.00009379061555137 
39.99991898379712296 
44.99991167468785136 
52.00013043232809906 
61.00010446231346606 
72.00009068512861177 
84.99993128478246263 
100.00001930776447523 
274.00060917438503338 
245.00019668998425004 
218.00007548755368703 
193.00009788187014692 
169.99995001512283466 
148.99993122719931193 
130.00019560901995419 
113.00000229142602848 
97.99998365086354113 
85.00005852668300577 
73.99997946837423513 
65.00002501434272517 
57.99999012042768953 
52.99994812726903604 
49.99991796481739215 
48.99991059651052439 
49.99999948009837425 
52.99994043701465785 
57.99997314651442082 
64.99995600925242911 
74.00002776344425115 
85.00001035079441181 
97.99981324486691392 
113.00008537270355191 
289.00103352488849850 
260.00028938930580580 
233.00059044085301707 
207.99987527601652459 
185.00014342054652161 
163.99988759549796669 
144.99995108059090398 
127.99995841626638082 
112.99985329997402062 
99.99995132392967889 
88.99999376937715567 
79.99997296606834141 
72.99987887843302303 
67.99994278312505003 
64.99994783177146473 
63.99990731546574807 
64.99989182899697937 
68.00002534360730522 
72.99997402297502447 
79.99992032717271684 
88.99979476568039161 
99.99987977265905670 
113.00005374757679988 
128.00007753734473681 
