0 0 0.99999956887000885
0 1 1.00000018403920254
0 2 1.00000007602871333
0 3 0.99999897179603092
0 4 0.99999898547315225
0 5 1.00000019913666671
0 6 0.99999977940049789
0 7 1.00000041377564797
0 8 0.99999915026486874
0 9 0.99999886073591504
0 10 0.99999960376995511
0 11 1.00000086408719135
0 12 0.99999881584782702
0 13 0.99999966892896608
0 14 0.99999992745143251
0 15 1.00000033350235351
0 16 1.00000007965336035
0 17 0.99999483968898462
0 18 0.99999870767570964
0 19 0.99999862195824318
0 20 0.99999945992444228
0 21 0.99999822248351178
0 22 0.99999888261729986
0 23 0.99999938588359427
0 24 0.99999407628213088
0 25 0.99999947931824840
0 26 0.99999961514827496
0 27 0.99999824780611446
0 28 0.99999849194551427
0 29 0.99999859320498652
0 30 0.99999962439501910
0 31 0.99999758860348265
0 32 0.99999923762220688
1 0 0.99999927043303538
1 1 0.99999968644138304
1 2 1.00000018767275645
1 3 0.99999890337412289
1 4 1.00000306987741761
1 5 0.99999915618453761
1 6 0.99999935547768648
1 7 0.99999928993461185
1 8 0.99999865625404916
1 9 0.99999844650931202
1 10 0.99999966372668303
1 11 0.99999925599553163
1 12 0.99999875970798568
1 13 0.99999940686876809
1 14 1.00000041707527965
1 15 0.99999851360959824
1 16 0.99999852521572874
1 17 0.99999716662253135
1 18 0.99999887621269334
1 19 0.99999895022610508
1 20 0.99999998259057510
1 21 1.00000031846583393
1 22 0.99999920772257134
1 23 0.99999945520655564
1 24 0.99999814605795623
1 25 0.99999960759153395
1 26 1.00000083346540380
1 27 0.99999664065771343
1 28 1.00000094472718004
1 29 0.99999836501357953
1 30 1.00000039077002367
1 31 0.99999978258945976
1 32 0.99999794204806258
2 0 0.99999893133578210
2 1 0.99999985596252960
2 2 0.99999908008900351
2 3 0.99999920897174821
2 4 1.00000004256192976
2 5 0.99999887300228707
2 6 0.99999996025731330
2 7 0.99999775088235610
2 8 0.99999864132402061
2 9 0.99999774896762250
2 10 0.99999895774513192
2 11 1.00000082269833257
2 12 1.00000076823766060
2 13 0.99999905732510608
2 14 0.99999871340180135
2 15 0.99999874447448911
2 16 0.99999828868230878
2 17 0.99999855548200034
2 18 0.99999898362695505
2 19 0.99999920124222430
2 20 1.00000066103259400
2 21 0.99999941363731903
2 22 0.99999846777026713
2 23 0.99999842231713432
2 24 1.00000048415617759
2 25 1.00000109816508465
2 26 0.99999908527124737
2 27 0.99999962052058267
2 28 0.99999798892051250
2 29 0.99999928562514651
2 30 0.99999964930267782
2 31 1.00000015361552941
2 32 1.00000027574566697
3 0 0.99999987416050995
3 1 0.99999940313286673
3 2 1.00000080027115357
3 3 1.00000000113240883
3 4 0.99999960853860015
3 5 0.99999901437976424
3 6 1.00000036546199755
3 7 0.99999951608746929
3 8 0.99999882899080605
3 9 0.99999936047880722
3 10 0.99999946070240597
3 11 0.99999853575609521
3 12 0.99999946066442391
3 13 0.99999905814893020
3 14 0.99999994269703818
3 15 0.99999900933551633
3 16 0.99999889905247630
3 17 1.00000008791193551
3 18 0.99999854521854992
3 19 1.00000203835304013
3 20 0.99999928086895218
3 21 0.99999821169817416
3 22 0.99999949455417603
3 23 0.99999693992073413
3 24 0.99999916660998045
3 25 0.99999826256566704
3 26 1.00000423389309923
3 27 0.99999786634698884
3 28 0.99999828404907509
3 29 0.99999955427166021
3 30 0.99999918508107044
3 31 1.00000016634693734
3 32 0.99999974311612061
4 0 1.00000035554285427
4 1 1.00000012739142519
4 2 0.99999827524828189
4 3 0.99999847432441757
4 4 1.00000006957869347
4 5 0.99999860486562042
4 6 0.99999913017041475
4 7 0.99999969096325081
4 8 0.99999973074512127
4 9 0.99999800073945544
4 10 1.00000094899313985
4 11 0.99999921028332617
4 12 1.00000084567077185
4 13 0.99999902273595220
4 14 0.99999805372441064
4 15 0.99999819976964632
4 16 1.00000133684701353
4 17 1.00000286477614386
4 18 0.99999944664263096
4 19 0.99999943925776624
4 20 1.00000116556842600
4 21 0.99999840626111902
4 22 0.99999945133021673
4 23 0.99999983832012818
4 24 0.99999990742546585
4 25 1.00000006599973568
4 26 0.99999949216755268
4 27 1.00000199784543398
4 28 0.99999870841812533
4 29 0.99999867875147930
4 30 1.00000023577782504
4 31 0.99999951997785963
4 32 0.99999975715658029
5 0 1.00000083363021841
5 1 1.00000401536199313
5 2 0.99999820591787347
5 3 0.99999871481499836
5 4 0.99999924666281093
5 5 0.99999906759752943
5 6 0.99999938636639396
5 7 0.99999959093453161
5 8 0.99999869605324343
5 9 1.00000025618887389
5 10 0.99999983147317728
5 11 0.99999883885005680
5 12 0.99999918047596537
5 13 0.99999813126751980
5 14 1.00000016976568307
5 15 0.99999913858870271
5 16 0.99999912257802981
5 17 0.99999937520626525
5 18 0.99999953387897744
5 19 0.99999855754459643
5 20 1.00000349589363569
5 21 0.99999991783492359
5 22 0.99999847723733981
5 23 0.99999884964282548
5 24 0.99999937503704350
5 25 0.99999813170900875
5 26 1.00000067577455787
5 27 1.00000032760218005
5 28 0.99999955606984436
5 29 0.99999847761205285
5 30 0.99999867395612618
5 31 0.99999901742181796
5 32 0.99999941958480154
6 0 0.99999819023918946
6 1 0.99999948827426810
6 2 0.99999936178582483
6 3 0.99999958876877715
6 4 0.99999908531442139
6 5 1.00000407925778401
6 6 0.99999232003099381
6 7 0.99999981548749273
6 8 0.99999900876616765
6 9 0.99999875527213278
6 10 0.99999906736886368
6 11 0.99999976970636650
6 12 0.99999944575264066
6 13 0.99999913007676577
6 14 0.99999939332736332
6 15 0.99999794806115050
6 16 0.99999924938369078
6 17 0.99999987039307969
6 18 0.99999963135917536
6 19 0.99999750729997516
6 20 0.99999962366751005
6 21 0.99999867278977495
6 22 0.99999776212344438
6 23 0.99999920774592721
6 24 0.99999980636777097
6 25 0.99999982618457406
6 26 0.99999929089204498
6 27 0.99999983660733682
6 28 0.99999903171820881
6 29 0.99999968875411227
6 30 0.99999907160306034
6 31 0.99999808839628157
6 32 1.00000530282522604
7 0 0.99999997078671288
7 1 0.99999975210349268
7 2 0.99999777995419736
7 3 0.99999911510721107
7 4 0.99999965467790752
7 5 0.99999807091193338
7 6 0.99999848163481986
7 7 0.99999903617002439
7 8 0.99999824334578025
7 9 0.99999884810473805
7 10 1.00000099613252513
7 11 0.99999775261125445
7 12 0.99999855982011221
7 13 1.00000032042120912
7 14 0.99999903429994796
7 15 0.99999770641647845
7 16 1.00000006451083245
7 17 1.00000024288123113
7 18 0.99999946161555753
7 19 1.00000042232567510
7 20 0.99999835834761008
7 21 0.99999961582503227
7 22 0.99999981833944029
7 23 0.99999887716203295
7 24 0.99999990131029171
7 25 1.00000161665302101
7 26 0.99999774386069695
7 27 0.99999887135373211
7 28 1.00000053721283200
7 29 0.99999889754210058
7 30 0.99999844165927521
7 31 0.99999999803780881
7 32 0.99999856490972283
8 0 0.99999793553654592
8 1 1.00000063859695820
8 2 0.99999915936368988
8 3 0.99999945574397731
8 4 0.99999980259999244
8 5 0.99999779287134560
8 6 0.99999916860386129
8 7 0.99999851240470294
8 8 0.99999883532573064
8 9 0.99999881483939124
8 10 0.99999909529338438
8 11 0.99999774442565736
8 12 0.99999883934179179
8 13 0.99999979591097499
8 14 0.99999969717704984
8 15 0.99999879117595536
8 16 0.99999975944932451
8 17 0.99999797154492454
8 18 0.99999908064885934
8 19 0.99999969609731487
8 20 0.99999942388425467
8 21 0.99999925621935393
8 22 0.99999931322661273
8 23 0.99999910369895229
8 24 0.99999807989996692
8 25 0.99999710702475386
8 26 1.00000063765620784
8 27 1.00000023843407226
8 28 0.99999791988773823
8 29 0.99999907935355459
8 30 0.99999934521120382
8 31 0.99999832119516696
8 32 0.99999823808817090
9 0 0.99999944274895114
9 1 1.00000080661113877
9 2 1.00000072040731469
9 3 0.99999780893247714
9 4 0.99999342891351251
9 5 0.99999839572788729
9 6 1.00000028804564578
9 7 0.99999890839459837
9 8 0.99999933289773124
9 9 0.99999772227275263
9 10 0.99999992116597169
9 11 0.99999852816651413
9 12 1.00000012844876940
9 13 0.99999417253881040
9 14 0.99999896906745722
9 15 0.99999872974825010
9 16 0.99999841560262503
9 17 0.99999896785636322
9 18 0.99999849318731704
9 19 0.99999908922146463
9 20 0.99999888550226301
9 21 0.99999774658151408
9 22 1.00000088622581895
9 23 0.99999924853328115
9 24 0.99999879345858023
9 25 0.99999949933936116
9 26 1.00000018659167766
9 27 0.99999780391858450
9 28 0.99999901253667933
9 29 0.99999950211582456
9 30 0.99999943249417089
9 31 0.99999775904034793
9 32 1.00000236537433529
10 0 0.99999947880180817
10 1 0.99999952453143404
10 2 0.99999879914006018
10 3 0.99999816769789862
10 4 0.99999894176934079
10 5 1.00000014797327497
10 6 0.99999876219064654
10 7 0.99999986148546305
10 8 0.99999805672397535
10 9 0.99999987852792349
10 10 0.99999861461810879
10 11 1.00000091368509092
10 12 0.99999966768910686
10 13 1.00000016626093946
10 14 0.99999926237586523
10 15 0.99999815544504211
10 16 0.99999797770944043
10 17 0.99999943057197072
10 18 0.99999907971009661
10 19 0.99999803252435493
10 20 0.99999800821469209
10 21 0.99999873694052133
10 22 1.00000029767451837
10 23 0.99999998707467119
10 24 0.99999456084794414
10 25 0.99999830689949332
10 26 0.99999883395150824
10 27 0.99999971278668487
10 28 0.99999881144844138
10 29 0.99999810631063768
10 30 0.99999945743607666
10 31 0.99999934522471168
10 32 1.00000006814483622
11 0 1.00000048683142073
11 1 0.99999966078926317
11 2 0.99999732945456010
11 3 0.99999797331989837
11 4 0.99999908854833530
11 5 0.99999986643642813
11 6 1.00000046084697014
11 7 1.00000069205124897
11 8 0.99999915025250918
11 9 0.99999966760242287
11 10 0.99999925369513243
11 11 0.99999960186987114
11 12 0.99999893206141477
11 13 0.99999940607518900
11 14 0.99999802539144067
11 15 0.99999914271677171
11 16 0.99999916559118329
11 17 0.99999812731605653
11 18 0.99999401606945382
11 19 0.99999949574062674
11 20 0.99999773694252669
11 21 0.99999940229602546
11 22 0.99999807681094477
11 23 0.99999907420295864
11 24 0.99999761166402545
11 25 0.99999898809837096
11 26 0.99999924840202481
11 27 0.99999877630942813
11 28 0.99999818348601366
11 29 1.00000095175610504
11 30 0.99999837105320744
11 31 0.99999990784340231
11 32 0.99999967550243984
12 0 0.99999875506203373
12 1 0.99999885099176211
12 2 0.99999966364830795
12 3 1.00000019146129215
12 4 0.99999757166895376
12 5 1.00000004969620915
12 6 0.99999987516302569
12 7 0.99999870909477950
12 8 1.00000056747782362
12 9 0.99999787196708512
12 10 0.99999998878487550
12 11 0.99999928874761479
12 12 7.99999506677690064
12 13 13.00003844996996882
12 14 19.99999283417489337
12 15 28.99994221823157048
12 16 39.99998665921374652
12 17 53.00002145830323741
12 18 68.00002621471313091
12 19 85.00004020917920400
12 20 104.00000872711885336
12 21 124.99980958126550945
12 22 0.99999924726610634
12 23 1.00000085602939959
12 24 0.99999793514355217
12 25 0.99999843067642391
12 26 0.99999894633035757
12 27 0.99999764626477305
12 28 1.00000044086149464
12 29 0.99999930599957965
12 30 0.99999959384292925
12 31 0.99999895346253109
12 32 0.99999913807837149
13 0 0.99999805730269875
13 1 0.99999964338929903
13 2 0.99999952994262209
13 3 0.99999781364526752
13 4 0.99999828023183712
13 5 1.00000025592406860
13 6 0.99999946159039110
13 7 0.99999689005306602
13 8 0.99999953622039184
13 9 0.99999894807096512
13 10 0.99999866452425201
13 11 0.99999845244849361
13 12 12.99995855236278253
13 13 17.99994557760981451
13 14 25.00000139210666816
13 15 34.00004490295319926
13 16 44.99997339925336348
13 17 57.99995923570784129
13 18 72.99996474045664741
13 19 89.99997661958805395
13 20 109.00001293123095536
13 21 129.99994088640025325
13 22 0.99999856605020954
13 23 0.99999896312260128
13 24 1.00000046856389058
13 25 0.99999926408128048
13 26 0.99999989231589348
13 27 0.99999950341502963
13 28 0.99999888339056586
13 29 0.99999904145184559
13 30 0.99999813513330882
13 31 0.99999876591446579
13 32 0.99999819809880697
14 0 0.99999962232362516
14 1 1.00000001759074175
14 2 1.00000021633165814
14 3 0.99999967219882135
14 4 0.99999932536438096
14 5 0.99999761265328668
14 6 0.99999997199443580
14 7 0.99999811194417731
14 8 0.99999968481562684
14 9 0.99999886145463257
14 10 0.99999960814927691
14 11 0.99999842298248853
14 12 19.99998638702253118
14 13 24.99994491640642735
14 14 31.99997820290862194
14 15 41.00002640037463664
14 16 52.00005202260409476
14 17 65.00001691285370953
14 18 80.00010565473787949
14 19 97.00003412799357250
14 20 115.99989934538906766
14 21 136.99994664119805066
14 22 0.99999980692548318
14 23 0.99999789879020451
14 24 0.99999842675615025
14 25 1.00000061440513566
14 26 0.99999982892208961
14 27 1.00000193851271924
14 28 0.99999931570270295
14 29 0.99999842398752825
14 30 0.99999794890843940
14 31 0.99999968082847646
14 32 0.99999842412156215
15 0 0.99999850630704312
15 1 0.99999899462102049
15 2 1.00000309787404640
15 3 0.99999909270837639
15 4 0.99999922794587259
15 5 0.99999812074347749
15 6 0.99999972553029215
15 7 0.99999933967582155
15 8 0.99999959313029185
15 9 0.99999899575163975
15 10 1.00000032191972266
15 11 0.99999778776922765
15 12 28.99997296055783735
15 13 33.99995097866829497
15 14 41.00003351366017768
15 15 50.00001720239850300
15 16 61.00004871985879618
15 17 74.00007278172365943
15 18 89.00001260737887776
15 19 105.99999573395786001
15 20 125.00043035618853082
15 21 146.00019106979638650
15 22 0.99999901311591510
15 23 0.99999967435981629
15 24 0.99999857821602001
15 25 0.99999977107084859
15 26 0.99999974604455399
15 27 0.99999881007601743
15 28 0.99999871635930182
15 29 0.99999793108448776
15 30 1.00000015313593504
15 31 0.99999998212471297
15 32 0.99999855146855798
16 0 0.99999817902625132
16 1 0.99999350443011970
16 2 0.99999955872644608
16 3 0.99999878823813559
16 4 0.99999956276068669
16 5 0.99999930218017663
16 6 0.99999896547904876
16 7 0.99999768758913876
16 8 0.99999995425320365
16 9 0.99999968779155513
16 10 0.99999791616954314
16 11 0.99999879799235514
16 12 40.00001187424651050
16 13 44.99994216135722525
16 14 51.99997489814676754
16 15 60.99993927327282250
16 16 72.00005236342825299
16 17 85.00003772700549121
16 18 99.99995260594739932
16 19 116.99993553220521392
16 20 135.99994098616252813
16 21 157.00020457149329900
16 22 0.99999843600385174
16 23 1.00000007487657827
16 24 0.99999845484907879
16 25 0.99999989153785074
16 26 1.00000627289217747
16 27 1.00000046272905685
16 28 0.99999826634307909
16 29 0.99999847840640155
16 30 1.00000058078128129
16 31 0.99999996774516353
16 32 1.00000006094803173
17 0 0.99999943409410086
17 1 0.99999838999877588
17 2 1.00000046811348708
17 3 0.99999825992192359
17 4 0.99999889478192372
17 5 1.00000031486467766
17 6 0.99999841930954114
17 7 0.99999853927466886
17 8 0.99999950636576007
17 9 1.00000074902360225
17 10 0.99999290454493250
17 11 0.99999908895270107
17 12 53.00002042840386451
17 13 58.00000611091150660
17 14 64.99992384750251517
17 15 74.00000972221921813
17 16 84.99999729290581740
17 17 98.00000215083937860
17 18 112.99995799979238598
17 19 129.99954242885132771
17 20 149.00014214508158261
17 21 169.99966205308200529
17 22 1.00000090619536253
17 23 0.99999956342440932
17 24 0.99999883729026962
17 25 0.99999752049343860
17 26 0.99999852747350049
17 27 0.99999907538830413
17 28 0.99999946118152405
17 29 1.00000392195216481
17 30 0.99999855483838673
17 31 0.99999788328826000
17 32 0.99999797387579037
18 0 0.99999812028162105
18 1 0.99999844014597949
18 2 1.00000070123054785
18 3 0.99999938812890499
18 4 1.00000010935474526
18 5 0.99999907051889114
18 6 1.00000046735906900
18 7 1.00000037007577358
18 8 0.99999850397528878
18 9 0.99999728497924012
18 10 0.99999833623766365
18 11 0.99999778417839535
18 12 68.00001240915027267
18 13 72.99997705013061022
18 14 79.99991811106103512
18 15 88.99999996815627412
18 16 100.00001591978474380
18 17 112.99993556240504233
18 18 127.99986143517553216
18 19 145.00057045536249234
18 20 164.00043097098662770
18 21 185.00046786871621407
18 22 0.99999865871854787
18 23 0.99999940183175495
18 24 0.99999819687448710
18 25 0.99999917326914578
18 26 0.99999986199518187
18 27 0.99999968519330340
18 28 0.99999830262429368
18 29 1.00000021548686346
18 30 0.99999803814747423
18 31 0.99999917405320349
18 32 0.99999988365600057
19 0 1.00000466795034137
19 1 0.99999999245325133
19 2 0.99999897593080311
19 3 0.99999906782917303
19 4 0.99999716444330555
19 5 0.99999836248594820
19 6 0.99999911734418723
19 7 0.99999897510424973
19 8 0.99999831343984869
19 9 0.99999843444826064
19 10 0.99999922486211568
19 11 0.99999863542139900
19 12 85.00002288245997306
19 13 90.00003578579962493
19 14 96.99999317006556510
19 15 105.99989637386246955
19 16 116.99999439376972532
19 17 130.00019435833490888
19 18 144.99965981139382620
19 19 161.99981473474534255
19 20 180.99950454202661376
19 21 201.99939193922327263
19 22 0.99999826322604857
19 23 0.99999909357927241
19 24 0.99999935630779913
19 25 0.99999902717613109
19 26 0.99999870165177385
19 27 0.99999865194208060
19 28 0.99999955223876824
19 29 0.99999911638243388
19 30 0.99999989890080165
19 31 0.99999838036485666
19 32 0.99999946284554653
20 0 0.99999856169850054
20 1 0.99999987973632010
20 2 0.99999883295786274
20 3 0.99999894155602109
20 4 0.99999837502278177
20 5 0.99999945532931700
20 6 1.00000034976090779
20 7 1.00000004494862238
20 8 0.99999951383018526
20 9 0.99999924442866128
20 10 0.99999840312825972
20 11 0.99999885258053967
20 12 104.00001296999178635
20 13 108.99993665338975291
20 14 115.99999703682911445
20 15 125.00015403071897424
20 16 136.00027110140851505
20 17 149.00037911725004847
20 18 163.99977683141912621
20 19 181.00003839150627982
20 20 200.00023991968879500
20 21 221.00006855143647044
20 22 0.99999912355498433
20 23 0.99999873463957223
20 24 0.99999856251194785
20 25 0.99999885407928268
20 26 0.99999666064386494
20 27 1.00000044158041779
20 28 0.99999829059469225
20 29 0.99999846077543841
20 30 0.99999801199252558
20 31 0.99999935588767475
20 32 0.99999762892462030
21 0 0.99999724574569659
21 1 0.99999993030676104
21 2 0.99999786955130310
21 3 1.00000052621724178
21 4 0.99999839762555964
21 5 0.99999907671197596
21 6 1.00000026262743447
21 7 0.99999917698975394
21 8 0.99999810957154533
21 9 0.99999904960997565
21 10 0.99999921013949034
21 11 0.99999782575080287
21 12 125.00001612005007701
21 13 129.99995796662776115
21 14 136.99973969395674089
21 15 146.00012606144500182
21 16 157.00034273956168818
21 17 170.00019806642120557
21 18 184.99979222278258817
21 19 202.00022486637681141
21 20 220.99994002828020712
21 21 242.00052944077415873
21 22 0.99999913621878078
21 23 0.99999843284179202
21 24 1.00000082063764717
21 25 0.99999976901175869
21 26 0.99999912537120716
21 27 1.00000399407027540
21 28 1.00000003203120902
21 29 1.00000004534179987
21 30 0.99999852594136973
21 31 0.99999971254821352
21 32 0.99999801231512930
22 0 1.00000009543732427
22 1 0.99999845564057577
22 2 0.99999906526677085
22 3 0.99999989527723909
22 4 0.99999780691113538
22 5 1.00000007749676390
22 6 0.99999976740614094
22 7 0.99999975526681462
22 8 1.00000121414363630
22 9 0.99999772874823412
22 10 0.99999895809015271
22 11 0.99999884686918417
22 12 0.99999997831516374
22 13 0.99999859637757638
22 14 1.00000029299426973
22 15 0.99999836924869201
22 16 0.99999776849956834
22 17 0.99999748612316253
22 18 0.99999945359658537
22 19 0.99999895703374486
22 20 0.99999922470971625
22 21 0.99999875443652797
22 22 0.99999910530707981
22 23 0.99999768595350436
22 24 0.99999875225242463
22 25 0.99999970548193329
22 26 1.00000384708363965
22 27 1.00000062231780129
22 28 1.00000189289199959
22 29 1.00000032046551834
22 30 0.99999913215680913
22 31 0.99999896168308766
22 32 0.99999807007408892
23 0 0.99999934780214661
23 1 0.99999940402365028
23 2 0.99999980007743361
23 3 1.00000007692018089
23 4 0.99999929301313661
23 5 0.99999990655520754
23 6 0.99999906622718937
23 7 0.99999964559800592
23 8 0.99999997238669158
23 9 0.99999899658058578
23 10 0.99999849951026021
23 11 0.99999923007641189
23 12 0.99999906024883423
23 13 0.99999943240543498
23 14 0.99999931776433537
23 15 0.99999933515696504
23 16 0.99999955930928874
23 17 1.00000055555148104
23 18 0.99999871521910244
23 19 0.99999890827447535
23 20 1.00000122372958122
23 21 0.99999912797541290
23 22 0.99999810438423509
23 23 1.00000058035144868
23 24 1.00000009840102533
23 25 0.99999842708279119
23 26 0.99999841934212708
23 27 0.99999925822687008
23 28 1.00000047171242890
23 29 0.99999809006188467
23 30 0.99999943159675686
23 31 1.00000032854983711
23 32 0.99999966207783075
24 0 0.99999984880503323
24 1 0.99999966283924857
24 2 0.99999852170167458
24 3 1.00000008300299048
24 4 0.99999929682977695
24 5 0.99999386058120510
24 6 0.99999976090407794
24 7 0.99999858968519850
24 8 0.99999870327686124
24 9 0.99999911685184129
24 10 0.99999916457649030
24 11 0.99999768343556428
24 12 0.99999921761124666
24 13 1.00000018348603836
24 14 0.99999838953449049
24 15 0.99999924148160479
24 16 0.99999867774644435
24 17 0.99999882046109734
24 18 0.99999904013925089
24 19 0.99999880335282643
24 20 0.99999918995212955
24 21 1.00000010796430794
24 22 0.99999880625883197
24 23 0.99999925202223028
24 24 0.99999870314411343
24 25 1.00000215202444176
24 26 0.99999808202268969
24 27 0.99999787795832018
24 28 0.99999882254103678
24 29 0.99999994394103320
24 30 0.99999943672375957
24 31 0.99999914372195819
24 32 0.99999885393448773
25 0 0.99999988314292343
25 1 0.99999854194694837
25 2 0.99999797738668716
25 3 0.99999559587192877
25 4 1.00000051956051572
25 5 0.99999919930193748
25 6 0.99999912623418197
25 7 0.99999797464939411
25 8 0.99999813897050127
25 9 0.99999901022389215
25 10 1.00000032886544910
25 11 0.99999951027066669
25 12 0.99999906894830692
25 13 1.00000060973377081
25 14 0.99999879758805155
25 15 0.99999975718369050
25 16 0.99999862548741558
25 17 0.99999895436653508
25 18 0.99999973910777373
25 19 0.99999864161782126
25 20 0.99999833775833125
25 21 0.99999961666513071
25 22 0.99999949565013191
25 23 0.99999898185635994
25 24 0.99999930575168405
25 25 0.99999838064055258
25 26 0.99999947852694915
25 27 0.99999919455708208
25 28 0.99999741997499481
25 29 0.99999784530210500
25 30 0.99999921198699671
25 31 0.99999944418298381
25 32 0.99999955066983115
26 0 0.99999932480128872
26 1 0.99999942051028234
26 2 0.99999943574815608
26 3 0.99999879790602364
26 4 0.99999970564755158
26 5 0.99999875558917284
26 6 0.99999803555358702
26 7 0.99999930041346263
26 8 1.00000049472333075
26 9 1.00000007420560233
26 10 0.99999997498545645
26 11 1.00000016534818736
26 12 0.99999897446832198
26 13 0.99999991432133972
26 14 0.99999924473237789
26 15 0.99999923498329346
26 16 1.00000023516603043
26 17 0.99999886898206614
26 18 0.99999825573428003
26 19 0.99999948844174014
26 20 0.99999989716262905
26 21 0.99999828570760041
26 22 0.99999903280757663
26 23 1.00000080845780293
26 24 0.99999873424592811
26 25 0.99999985260057211
26 26 0.99999800874358813
26 27 0.99999872016356406
26 28 0.99999992027454798
26 29 0.99999982078333205
26 30 0.99999866767670631
26 31 0.99999808227758735
26 32 1.00000029198911933
27 0 0.99999953154974208
27 1 0.99999931988207313
27 2 0.99999885221701679
27 3 0.99999869786958384
27 4 1.00000438400024683
27 5 1.00000052385906057
27 6 1.00000149698254437
27 7 1.00000005071549825
27 8 0.99999942938941777
27 9 0.99999887328745707
27 10 0.99999980266085675
27 11 0.99999822791097281
27 12 0.99999902272794550
27 13 0.99999923068843555
27 14 0.99999838065749469
27 15 0.99999991429114865
27 16 0.99999865005288757
27 17 0.99999737117978471
27 18 0.99999936770763065
27 19 0.99999675866397042
27 20 0.99999842220628121
27 21 1.00000055247976105
27 22 0.99999868425521143
27 23 0.99999752113513929
27 24 0.99999836311413404
27 25 1.00000004794160224
27 26 0.99999881304914318
27 27 0.99999949297216495
27 28 0.99999785688414666
27 29 0.99999838489265813
27 30 0.99999880928025542
27 31 0.99999942857959379
27 32 0.99999796309308331
28 0 0.99999859702525284
28 1 0.99999839012333780
28 2 0.99999968446343190
28 3 1.00000018335879393
28 4 0.99999923728663920
28 5 0.99999889830108024
28 6 0.99999965971162441
28 7 0.99999911435846467
28 8 0.99999927991948212
28 9 0.99999916680028700
28 10 0.99999899900869516
28 11 1.00000049367640664
28 12 0.99999830305320825
28 13 0.99999754245222783
28 14 0.99999825750044868
28 15 1.00000013537222099
28 16 0.99999915041927334
28 17 0.99999900907290451
28 18 0.99999982726469305
28 19 0.99999993004570309
28 20 1.00000043062688548
28 21 0.99999933166543586
28 22 1.00000010033388920
28 23 0.99999944964078280
28 24 1.00000094868637746
28 25 0.99999852934440214
28 26 1.00000082323675588
28 27 0.99999986512198114
28 28 0.99999857640554113
28 29 1.00000033752035589
28 30 0.99999975226753213
28 31 0.99999899464395947
28 32 1.00000034752101064
29 0 0.99999964045910128
29 1 0.99999809574913323
29 2 0.99999948774630043
29 3 0.99999876896164885
29 4 0.99999990324339838
29 5 0.99999615147047194
29 6 0.99999864133603988
29 7 0.99999859013688541
29 8 0.99999926654540561
29 9 1.00000033140739419
29 10 1.00000024169476043
29 11 0.99999824335381216
29 12 0.99999996644971267
29 13 0.99999963751295473
29 14 1.00000080034705063
29 15 0.99999966778330485
29 16 1.00000029219982434
29 17 1.00000000314558180
29 18 0.99999893531763062
29 19 0.99999780963700624
29 20 0.99999707890464518
29 21 1.00000152413747867
29 22 0.99999911458912816
29 23 0.99999987779797805
29 24 0.99999822634028634
29 25 1.00000229827129328
29 26 0.99999913886113945
29 27 1.00000011756980034
29 28 0.99999879999276065
29 29 0.99999810513901755
29 30 0.99999823388452214
29 31 0.99999989340885076
29 32 0.99999977896120062
30 0 0.99999777648674959
30 1 0.99999796383530970
30 2 0.99999846014592597
30 3 0.99999852487218954
30 4 0.99999965783504075
30 5 0.99999931419931654
30 6 1.00000025173048290
30 7 1.00000025493206035
30 8 1.00000014287103456
30 9 0.99999941783232726
30 10 0.99999760808521954
30 11 0.99999510531274149
30 12 0.99999897421662132
30 13 0.99999694391772320
30 14 0.99999986479399927
30 15 0.99999863350244245
30 16 0.99999980739804772
30 17 0.99999888788664226
30 18 1.00000379498758241
30 19 0.99999792762901063
30 20 1.00000052712650822
30 21 0.99999810846192616
30 22 0.99999707444184860
30 23 0.99999772491564443
30 24 0.99999874320442816
30 25 0.99999804386867053
30 26 1.00000024572194590
30 27 0.99999893947730023
30 28 0.99999844180727826
30 29 0.99999878404980291
30 30 0.99999924726779266
30 31 0.99999954800891788
30 32 0.99999919204875876
31 0 0.99999897775700319
31 1 0.99999823350802630
31 2 0.99999858959263954
31 3 0.99999957800340944
31 4 0.99999875951151573
31 5 0.99999997167830834
31 6 0.99999889478348081
31 7 0.99999935202649692
31 8 0.99999922532863428
31 9 0.99999912121720536
31 10 0.99999857403641934
31 11 0.99999971361031781
31 12 0.99999868168529016
31 13 0.99999568736430078
31 14 0.99999809860294664
31 15 0.99999955059760992
31 16 0.99999997984093292
31 17 0.99999931844817058
31 18 0.99999950579780883
31 19 0.99999908111911218
31 20 0.99999943984397055
31 21 1.00000072076783186
31 22 0.99999832980127723
31 23 0.99999936822009916
31 24 0.99999813887461342
31 25 1.00000005099520206
31 26 1.00000006452653034
31 27 0.99999876581875935
31 28 0.99999818428671394
31 29 0.99999797772932864
31 30 0.99999901851353790
31 31 0.99999786236384780
31 32 0.99999842157041874
32 0 0.99999867072055515
32 1 0.99999910148467408
32 2 1.00000129527594717
32 3 0.99999939226998202
32 4 0.99999878077051851
32 5 0.99999999874669931
32 6 1.00000012669931482
32 7 0.99999738884992129
32 8 0.99999735119330169
32 9 0.99999875895069834
32 10 0.99999974956098359
32 11 1.00000062507128007
32 12 0.99999960875107385
32 13 1.00000144611570718
32 14 0.99999778936452988
32 15 0.99999930553402472
32 16 0.99999806797450419
32 17 0.99999921794380042
32 18 0.99999819260102862
32 19 0.99999964414302733
32 20 0.99999898549209687
32 21 1.00000171880049571
32 22 0.99999584096453842
32 23 0.99999886309016695
32 24 0.99999911827728061
32 25 1.00000019833888487
32 26 0.99999539878050403
32 27 0.99999932706141281
32 28 1.00000024099436535
32 29 0.99999839943802926
32 30 0.99999923134200619
32 31 0.99999954554184711
32 32 0.99999809748036506
