33 33
0.99999956887000885 
0.99999927043303538 
0.99999893133578210 
0.99999987416050995 
1.00000035554285427 
1.00000083363021841 
0.99999819023918946 
0.99999997078671288 
0.99999793553654592 
0.99999944274895114 
0.99999947880180817 
1.00000048683142073 
0.99999875506203373 
0.99999805730269875 
0.99999962232362516 
0.99999850630704312 
0.99999817902625132 
0.99999943409410086 
0.99999812028162105 
1.00000466795034137 
0.99999856169850054 
0.99999724574569659 
1.00000009543732427 
0.99999934780214661 
0.99999984880503323 
0.99999988314292343 
0.99999932480128872 
0.99999953154974208 
0.99999859702525284 
0.99999964045910128 
0.99999777648674959 
0.99999897775700319 
0.99999867072055515 
1.00000018403920254 
0.99999968644138304 
0.99999985596252960 
0.99999940313286673 
1.00000012739142519 
1.00000401536199313 
0.99999948827426810 
0.99999975210349268 
1.00000063859695820 
1.00000080661113877 
0.99999952453143404 
0.99999966078926317 
0.99999885099176211 
0.99999964338929903 
1.00000001759074175 
0.99999899462102049 
0.99999350443011970 
0.99999838999877588 
0.99999844014597949 
0.99999999245325133 
0.99999987973632010 
0.99999993030676104 
0.99999845564057577 
0.99999940402365028 
0.99999966283924857 
0.99999854194694837 
0.99999942051028234 
0.99999931988207313 
0.99999839012333780 
0.99999809574913323 
0.99999796383530970 
0.99999823350802630 
0.99999910148467408 
1.00000007602871333 
1.00000018767275645 
0.99999908008900351 
1.00000080027115357 
0.99999827524828189 
0.99999820591787347 
0.99999936178582483 
0.99999777995419736 
0.99999915936368988 
1.00000072040731469 
0.99999879914006018 
0.99999732945456010 
0.99999966364830795 
0.99999952994262209 
1.00000021633165814 
1.00000309787404640 
0.99999955872644608 
1.00000046811348708 
1.00000070123054785 
0.99999897593080311 
0.99999883295786274 
0.99999786955130310 
0.99999906526677085 
0.99999980007743361 
0.99999852170167458 
0.99999797738668716 
0.99999943574815608 
0.99999885221701679 
0.99999968446343190 
0.99999948774630043 
0.99999846014592597 
0.99999858959263954 
1.00000129527594717 
0.99999897179603092 
0.99999890337412289 
0.99999920897174821 
1.00000000113240883 
0.99999847432441757 
0.99999871481499836 
0.99999958876877715 
0.99999911510721107 
0.99999945574397731 
0.99999780893247714 
0.99999816769789862 
0.99999797331989837 
1.00000019146129215 
0.99999781364526752 
0.99999967219882135 
0.99999909270837639 
0.99999878823813559 
0.99999825992192359 
0.99999938812890499 
0.99999906782917303 
0.99999894155602109 
1.00000052621724178 
0.99999989527723909 
1.00000007692018089 
1.00000008300299048 
0.99999559587192877 
0.99999879790602364 
0.99999869786958384 
1.00000018335879393 
0.99999876896164885 
0.99999852487218954 
0.99999957800340944 
0.99999939226998202 
0.99999898547315225 
1.00000306987741761 
1.00000004256192976 
0.99999960853860015 
1.00000006957869347 
0.99999924666281093 
0.99999908531442139 
0.99999965467790752 
0.99999980259999244 
0.99999342891351251 
0.99999894176934079 
0.99999908854833530 
0.99999757166895376 
0.99999828023183712 
0.99999932536438096 
0.99999922794587259 
0.99999956276068669 
0.99999889478192372 
1.00000010935474526 
0.99999716444330555 
0.99999837502278177 
0.99999839762555964 
0.99999780691113538 
0.99999929301313661 
0.99999929682977695 
1.00000051956051572 
0.99999970564755158 
1.00000438400024683 
0.99999923728663920 
0.99999990324339838 
0.99999965783504075 
0.99999875951151573 
0.99999878077051851 
1.00000019913666671 
0.99999915618453761 
0.99999887300228707 
0.99999901437976424 
0.99999860486562042 
0.99999906759752943 
1.00000407925778401 
0.99999807091193338 
0.99999779287134560 
0.99999839572788729 
1.00000014797327497 
0.99999986643642813 
1.00000004969620915 
1.00000025592406860 
0.99999761265328668 
0.99999812074347749 
0.99999930218017663 
1.00000031486467766 
0.99999907051889114 
0.99999836248594820 
0.99999945532931700 
0.99999907671197596 
1.00000007749676390 
0.99999990655520754 
0.99999386058120510 
0.99999919930193748 
0.99999875558917284 
1.00000052385906057 
0.99999889830108024 
0.99999615147047194 
0.99999931419931654 
0.99999997167830834 
0.99999999874669931 
0.99999977940049789 
0.99999935547768648 
0.99999996025731330 
1.00000036546199755 
0.99999913017041475 
0.99999938636639396 
0.99999232003099381 
0.99999848163481986 
0.99999916860386129 
1.00000028804564578 
0.99999876219064654 
1.00000046084697014 
0.99999987516302569 
0.99999946159039110 
0.99999997199443580 
0.99999972553029215 
0.99999896547904876 
0.99999841930954114 
1.00000046735906900 
0.99999911734418723 
1.00000034976090779 
1.00000026262743447 
0.99999976740614094 
0.99999906622718937 
0.99999976090407794 
0.99999912623418197 
0.99999803555358702 
1.00000149698254437 
0.99999965971162441 
0.99999864133603988 
1.00000025173048290 
0.99999889478348081 
1.00000012669931482 
1.00000041377564797 
0.99999928993461185 
0.99999775088235610 
0.99999951608746929 
0.99999969096325081 
0.99999959093453161 
0.99999981548749273 
0.99999903617002439 
0.99999851240470294 
0.99999890839459837 
0.99999986148546305 
1.00000069205124897 
0.99999870909477950 
0.99999689005306602 
0.99999811194417731 
0.99999933967582155 
0.99999768758913876 
0.99999853927466886 
1.00000037007577358 
0.99999897510424973 
1.00000004494862238 
0.99999917698975394 
0.99999975526681462 
0.99999964559800592 
0.99999858968519850 
0.99999797464939411 
0.99999930041346263 
1.00000005071549825 
0.99999911435846467 
0.99999859013688541 
1.00000025493206035 
0.99999935202649692 
0.99999738884992129 
0.99999915026486874 
0.99999865625404916 
0.99999864132402061 
0.99999882899080605 
0.99999973074512127 
0.99999869605324343 
0.99999900876616765 
0.99999824334578025 
0.99999883532573064 
0.99999933289773124 
0.99999805672397535 
0.99999915025250918 
1.00000056747782362 
0.99999953622039184 
0.99999968481562684 
0.99999959313029185 
0.99999995425320365 
0.99999950636576007 
0.99999850397528878 
0.99999831343984869 
0.99999951383018526 
0.99999810957154533 
1.00000121414363630 
0.99999997238669158 
0.99999870327686124 
0.99999813897050127 
1.00000049472333075 
0.99999942938941777 
0.99999927991948212 
0.99999926654540561 
1.00000014287103456 
0.99999922532863428 
0.99999735119330169 
0.99999886073591504 
0.99999844650931202 
0.99999774896762250 
0.99999936047880722 
0.99999800073945544 
1.00000025618887389 
0.99999875527213278 
0.99999884810473805 
0.99999881483939124 
0.99999772227275263 
0.99999987852792349 
0.99999966760242287 
0.99999787196708512 
0.99999894807096512 
0.99999886145463257 
0.99999899575163975 
0.99999968779155513 
1.00000074902360225 
0.99999728497924012 
0.99999843444826064 
0.99999924442866128 
0.99999904960997565 
0.99999772874823412 
0.99999899658058578 
0.99999911685184129 
0.99999901022389215 
1.00000007420560233 
0.99999887328745707 
0.99999916680028700 
1.00000033140739419 
0.99999941783232726 
0.99999912121720536 
0.99999875895069834 
0.99999960376995511 
0.99999966372668303 
0.99999895774513192 
0.99999946070240597 
1.00000094899313985 
0.99999983147317728 
0.99999906736886368 
1.00000099613252513 
0.99999909529338438 
0.99999992116597169 
0.99999861461810879 
0.99999925369513243 
0.99999998878487550 
0.99999866452425201 
0.99999960814927691 
1.00000032191972266 
0.99999791616954314 
0.99999290454493250 
0.99999833623766365 
0.99999922486211568 
0.99999840312825972 
0.99999921013949034 
0.99999895809015271 
0.99999849951026021 
0.99999916457649030 
1.00000032886544910 
0.99999997498545645 
0.99999980266085675 
0.99999899900869516 
1.00000024169476043 
0.99999760808521954 
0.99999857403641934 
0.99999974956098359 
1.00000086408719135 
0.99999925599553163 
1.00000082269833257 
0.99999853575609521 
0.99999921028332617 
0.99999883885005680 
0.99999976970636650 
0.99999775261125445 
0.99999774442565736 
0.99999852816651413 
1.00000091368509092 
0.99999960186987114 
0.99999928874761479 
0.99999845244849361 
0.99999842298248853 
0.99999778776922765 
0.99999879799235514 
0.99999908895270107 
0.99999778417839535 
0.99999863542139900 
0.99999885258053967 
0.99999782575080287 
0.99999884686918417 
0.99999923007641189 
0.99999768343556428 
0.99999951027066669 
1.00000016534818736 
0.99999822791097281 
1.00000049367640664 
0.99999824335381216 
0.99999510531274149 
0.99999971361031781 
1.00000062507128007 
0.99999881584782702 
0.99999875970798568 
1.00000076823766060 
0.99999946066442391 
1.00000084567077185 
0.99999918047596537 
0.99999944575264066 
0.99999855982011221 
0.99999883934179179 
1.00000012844876940 
0.99999966768910686 
0.99999893206141477 
7.99999506677690064 
12.99995855236278253 
19.99998638702253118 
28.99997296055783735 
40.00001187424651050 
53.00002042840386451 
68.00001240915027267 
85.00002288245997306 
104.00001296999178635 
125.00001612005007701 
0.99999997831516374 
0.99999906024883423 
0.99999921761124666 
0.99999906894830692 
0.99999897446832198 
0.99999902272794550 
0.99999830305320825 
0.99999996644971267 
0.99999897421662132 
0.99999868168529016 
0.99999960875107385 
0.99999966892896608 
0.99999940686876809 
0.99999905732510608 
0.99999905814893020 
0.99999902273595220 
0.99999813126751980 
0.99999913007676577 
1.00000032042120912 
0.99999979591097499 
0.99999417253881040 
1.00000016626093946 
0.99999940607518900 
13.00003844996996882 
17.99994557760981451 
24.99994491640642735 
33.99995097866829497 
44.99994216135722525 
58.00000611091150660 
72.99997705013061022 
90.00003578579962493 
108.99993665338975291 
129.99995796662776115 
0.99999859637757638 
0.99999943240543498 
1.00000018348603836 
1.00000060973377081 
0.99999991432133972 
0.99999923068843555 
0.99999754245222783 
0.99999963751295473 
0.99999694391772320 
0.99999568736430078 
1.00000144611570718 
0.99999992745143251 
1.00000041707527965 
0.99999871340180135 
0.99999994269703818 
0.99999805372441064 
1.00000016976568307 
0.99999939332736332 
0.99999903429994796 
0.99999969717704984 
0.99999896906745722 
0.99999926237586523 
0.99999802539144067 
19.99999283417489337 
25.00000139210666816 
31.99997820290862194 
41.00003351366017768 
51.99997489814676754 
64.99992384750251517 
79.99991811106103512 
96.99999317006556510 
115.99999703682911445 
136.99973969395674089 
1.00000029299426973 
0.99999931776433537 
0.99999838953449049 
0.99999879758805155 
0.99999924473237789 
0.99999838065749469 
0.99999825750044868 
1.00000080034705063 
0.99999986479399927 
0.99999809860294664 
0.99999778936452988 
1.00000033350235351 
0.99999851360959824 
0.99999874447448911 
0.99999900933551633 
0.99999819976964632 
0.99999913858870271 
0.99999794806115050 
0.99999770641647845 
0.99999879117595536 
0.99999872974825010 
0.99999815544504211 
0.99999914271677171 
28.99994221823157048 
34.00004490295319926 
41.00002640037463664 
50.00001720239850300 
60.99993927327282250 
74.00000972221921813 
88.99999996815627412 
105.99989637386246955 
125.00015403071897424 
146.00012606144500182 
0.99999836924869201 
0.99999933515696504 
0.99999924148160479 
0.99999975718369050 
0.99999923498329346 
0.99999991429114865 
1.00000013537222099 
0.99999966778330485 
0.99999863350244245 
0.99999955059760992 
0.99999930553402472 
1.00000007965336035 
0.99999852521572874 
0.99999828868230878 
0.99999889905247630 
1.00000133684701353 
0.99999912257802981 
0.99999924938369078 
1.00000006451083245 
0.99999975944932451 
0.99999841560262503 
0.99999797770944043 
0.99999916559118329 
39.99998665921374652 
44.99997339925336348 
52.00005202260409476 
61.00004871985879618 
72.00005236342825299 
84.99999729290581740 
100.00001591978474380 
116.99999439376972532 
136.00027110140851505 
157.00034273956168818 
0.99999776849956834 
0.99999955930928874 
0.99999867774644435 
0.99999862548741558 
1.00000023516603043 
0.99999865005288757 
0.99999915041927334 
1.00000029219982434 
0.99999980739804772 
0.99999997984093292 
0.99999806797450419 
0.99999483968898462 
0.99999716662253135 
0.99999855548200034 
1.00000008791193551 
1.00000286477614386 
0.99999937520626525 
0.99999987039307969 
1.00000024288123113 
0.99999797154492454 
0.99999896785636322 
0.99999943057197072 
0.99999812731605653 
53.00002145830323741 
57.99995923570784129 
65.00001691285370953 
74.00007278172365943 
85.00003772700549121 
98.00000215083937860 
112.99993556240504233 
130.00019435833490888 
149.00037911725004847 
170.00019806642120557 
0.99999748612316253 
1.00000055555148104 
0.99999882046109734 
0.99999895436653508 
0.99999886898206614 
0.99999737117978471 
0.99999900907290451 
1.00000000314558180 
0.99999888788664226 
0.99999931844817058 
0.99999921794380042 
0.99999870767570964 
0.99999887621269334 
0.99999898362695505 
0.99999854521854992 
0.99999944664263096 
0.99999953387897744 
0.99999963135917536 
0.99999946161555753 
0.99999908064885934 
0.99999849318731704 
0.99999907971009661 
0.99999401606945382 
68.00002621471313091 
72.99996474045664741 
80.00010565473787949 
89.00001260737887776 
99.99995260594739932 
112.99995799979238598 
127.99986143517553216 
144.99965981139382620 
163.99977683141912621 
184.99979222278258817 
0.99999945359658537 
0.99999871521910244 
0.99999904013925089 
0.99999973910777373 
0.99999825573428003 
0.99999936770763065 
0.99999982726469305 
0.99999893531763062 
1.00000379498758241 
0.99999950579780883 
0.99999819260102862 
0.99999862195824318 
0.99999895022610508 
0.99999920124222430 
1.00000203835304013 
0.99999943925776624 
0.99999855754459643 
0.99999750729997516 
1.00000042232567510 
0.99999969609731487 
0.99999908922146463 
0.99999803252435493 
0.99999949574062674 
85.00004020917920400 
89.99997661958805395 
97.00003412799357250 
105.99999573395786001 
116.99993553220521392 
129.99954242885132771 
145.00057045536249234 
161.99981473474534255 
181.00003839150627982 
202.00022486637681141 
0.99999895703374486 
0.99999890827447535 
0.99999880335282643 
0.99999864161782126 
0.99999948844174014 
0.99999675866397042 
0.99999993004570309 
0.99999780963700624 
0.99999792762901063 
0.99999908111911218 
0.99999964414302733 
0.99999945992444228 
0.99999998259057510 
1.00000066103259400 
0.99999928086895218 
1.00000116556842600 
1.00000349589363569 
0.99999962366751005 
0.99999835834761008 
0.99999942388425467 
0.99999888550226301 
0.99999800821469209 
0.99999773694252669 
104.00000872711885336 
109.00001293123095536 
115.99989934538906766 
125.00043035618853082 
135.99994098616252813 
149.00014214508158261 
164.00043097098662770 
180.99950454202661376 
200.00023991968879500 
220.99994002828020712 
0.99999922470971625 
1.00000122372958122 
0.99999918995212955 
0.99999833775833125 
0.99999989716262905 
0.99999842220628121 
1.00000043062688548 
0.99999707890464518 
1.00000052712650822 
0.99999943984397055 
0.99999898549209687 
0.99999822248351178 
1.00000031846583393 
0.99999941363731903 
0.99999821169817416 
0.99999840626111902 
0.99999991783492359 
0.99999867278977495 
0.99999961582503227 
0.99999925621935393 
0.99999774658151408 
0.99999873694052133 
0.99999940229602546 
124.99980958126550945 
129.99994088640025325 
136.99994664119805066 
146.00019106979638650 
157.00020457149329900 
169.99966205308200529 
185.00046786871621407 
201.99939193922327263 
221.00006855143647044 
242.00052944077415873 
0.99999875443652797 
0.99999912797541290 
1.00000010796430794 
0.99999961666513071 
0.99999828570760041 
1.00000055247976105 
0.99999933166543586 
1.00000152413747867 
0.99999810846192616 
1.00000072076783186 
1.00000171880049571 
0.99999888261729986 
0.99999920772257134 
0.99999846777026713 
0.99999949455417603 
0.99999945133021673 
0.99999847723733981 
0.99999776212344438 
0.99999981833944029 
0.99999931322661273 
1.00000088622581895 
1.00000029767451837 
0.99999807681094477 
0.99999924726610634 
0.99999856605020954 
0.99999980692548318 
0.99999901311591510 
0.99999843600385174 
1.00000090619536253 
0.99999865871854787 
0.99999826322604857 
0.99999912355498433 
0.99999913621878078 
0.99999910530707981 
0.99999810438423509 
0.99999880625883197 
0.99999949565013191 
0.99999903280757663 
0.99999868425521143 
1.00000010033388920 
0.99999911458912816 
0.99999707444184860 
0.99999832980127723 
0.99999584096453842 
0.99999938588359427 
0.99999945520655564 
0.99999842231713432 
0.99999693992073413 
0.99999983832012818 
0.99999884964282548 
0.99999920774592721 
0.99999887716203295 
0.99999910369895229 
0.99999924853328115 
0.99999998707467119 
0.99999907420295864 
1.00000085602939959 
0.99999896312260128 
0.99999789879020451 
0.99999967435981629 
1.00000007487657827 
0.99999956342440932 
0.99999940183175495 
0.99999909357927241 
0.99999873463957223 
0.99999843284179202 
0.99999768595350436 
1.00000058035144868 
0.99999925202223028 
0.99999898185635994 
1.00000080845780293 
0.99999752113513929 
0.99999944964078280 
0.99999987779797805 
0.99999772491564443 
0.99999936822009916 
0.99999886309016695 
0.99999407628213088 
0.99999814605795623 
1.00000048415617759 
0.99999916660998045 
0.99999990742546585 
0.99999937503704350 
0.99999980636777097 
0.99999990131029171 
0.99999807989996692 
0.99999879345858023 
0.99999456084794414 
0.99999761166402545 
0.99999793514355217 
1.00000046856389058 
0.99999842675615025 
0.99999857821602001 
0.99999845484907879 
0.99999883729026962 
0.99999819687448710 
0.99999935630779913 
0.99999856251194785 
1.00000082063764717 
0.99999875225242463 
1.00000009840102533 
0.99999870314411343 
0.99999930575168405 
0.99999873424592811 
0.99999836311413404 
1.00000094868637746 
0.99999822634028634 
0.99999874320442816 
0.99999813887461342 
0.99999911827728061 
0.99999947931824840 
0.99999960759153395 
1.00000109816508465 
0.99999826256566704 
1.00000006599973568 
0.99999813170900875 
0.99999982618457406 
1.00000161665302101 
0.99999710702475386 
0.99999949933936116 
0.99999830689949332 
0.99999898809837096 
0.99999843067642391 
0.99999926408128048 
1.00000061440513566 
0.99999977107084859 
0.99999989153785074 
0.99999752049343860 
0.99999917326914578 
0.99999902717613109 
0.99999885407928268 
0.99999976901175869 
0.99999970548193329 
0.99999842708279119 
1.00000215202444176 
0.99999838064055258 
0.99999985260057211 
1.00000004794160224 
0.99999852934440214 
1.00000229827129328 
0.99999804386867053 
1.00000005099520206 
1.00000019833888487 
0.99999961514827496 
1.00000083346540380 
0.99999908527124737 
1.00000423389309923 
0.99999949216755268 
1.00000067577455787 
0.99999929089204498 
0.99999774386069695 
1.00000063765620784 
1.00000018659167766 
0.99999883395150824 
0.99999924840202481 
0.99999894633035757 
0.99999989231589348 
0.99999982892208961 
0.99999974604455399 
1.00000627289217747 
0.99999852747350049 
0.99999986199518187 
0.99999870165177385 
0.99999666064386494 
0.99999912537120716 
1.00000384708363965 
0.99999841934212708 
0.99999808202268969 
0.99999947852694915 
0.99999800874358813 
0.99999881304914318 
1.00000082323675588 
0.99999913886113945 
1.00000024572194590 
1.00000006452653034 
0.99999539878050403 
0.99999824780611446 
0.99999664065771343 
0.99999962052058267 
0.99999786634698884 
1.00000199784543398 
1.00000032760218005 
0.99999983660733682 
0.99999887135373211 
1.00000023843407226 
0.99999780391858450 
0.99999971278668487 
0.99999877630942813 
0.99999764626477305 
0.99999950341502963 
1.00000193851271924 
0.99999881007601743 
1.00000046272905685 
0.99999907538830413 
0.99999968519330340 
0.99999865194208060 
1.00000044158041779 
1.00000399407027540 
1.00000062231780129 
0.99999925822687008 
0.99999787795832018 
0.99999919455708208 
0.99999872016356406 
0.99999949297216495 
0.99999986512198114 
1.00000011756980034 
0.99999893947730023 
0.99999876581875935 
0.99999932706141281 
0.99999849194551427 
1.00000094472718004 
0.99999798892051250 
0.99999828404907509 
0.99999870841812533 
0.99999955606984436 
0.99999903171820881 
1.00000053721283200 
0.99999791988773823 
0.99999901253667933 
0.99999881144844138 
0.99999818348601366 
1.00000044086149464 
0.99999888339056586 
0.99999931570270295 
0.99999871635930182 
0.99999826634307909 
0.99999946118152405 
0.99999830262429368 
0.99999955223876824 
0.99999829059469225 
1.00000003203120902 
1.00000189289199959 
1.00000047171242890 
0.99999882254103678 
0.99999741997499481 
0.99999992027454798 
0.99999785688414666 
0.99999857640554113 
0.99999879999276065 
0.99999844180727826 
0.99999818428671394 
1.00000024099436535 
0.99999859320498652 
0.99999836501357953 
0.99999928562514651 
0.99999955427166021 
0.99999867875147930 
0.99999847761205285 
0.99999968875411227 
0.99999889754210058 
0.99999907935355459 
0.99999950211582456 
0.99999810631063768 
1.00000095175610504 
0.99999930599957965 
0.99999904145184559 
0.99999842398752825 
0.99999793108448776 
0.99999847840640155 
1.00000392195216481 
1.00000021548686346 
0.99999911638243388 
0.99999846077543841 
1.00000004534179987 
1.00000032046551834 
0.99999809006188467 
0.99999994394103320 
0.99999784530210500 
0.99999982078333205 
0.99999838489265813 
1.00000033752035589 
0.99999810513901755 
0.99999878404980291 
0.99999797772932864 
0.99999839943802926 
0.99999962439501910 
1.00000039077002367 
0.99999964930267782 
0.99999918508107044 
1.00000023577782504 
0.99999867395612618 
0.99999907160306034 
0.99999844165927521 
0.99999934521120382 
0.99999943249417089 
0.99999945743607666 
0.99999837105320744 
0.99999959384292925 
0.99999813513330882 
0.99999794890843940 
1.00000015313593504 
1.00000058078128129 
0.99999855483838673 
0.99999803814747423 
0.99999989890080165 
0.99999801199252558 
0.99999852594136973 
0.99999913215680913 
0.99999943159675686 
0.99999943672375957 
0.99999921198699671 
0.99999866767670631 
0.99999880928025542 
0.99999975226753213 
0.99999823388452214 
0.99999924726779266 
0.99999901851353790 
0.99999923134200619 
0.99999758860348265 
0.99999978258945976 
1.00000015361552941 
1.00000016634693734 
0.99999951997785963 
0.99999901742181796 
0.99999808839628157 
0.99999999803780881 
0.99999832119516696 
0.99999775904034793 
0.99999934522471168 
0.99999990784340231 
0.99999895346253109 
0.99999876591446579 
0.99999968082847646 
0.99999998212471297 
0.99999996774516353 
0.99999788328826000 
0.99999917405320349 
0.99999838036485666 
0.99999935588767475 
0.99999971254821352 
0.99999896168308766 
1.00000032854983711 
0.99999914372195819 
0.99999944418298381 
0.99999808227758735 
0.99999942857959379 
0.99999899464395947 
0.99999989340885076 
0.99999954800891788 
0.99999786236384780 
0.99999954554184711 
0.99999923762220688 
0.99999794204806258 
1.00000027574566697 
0.99999974311612061 
0.99999975715658029 
0.99999941958480154 
1.00000530282522604 
0.99999856490972283 
0.99999823808817090 
1.00000236537433529 
1.00000006814483622 
0.99999967550243984 
0.99999913807837149 
0.99999819809880697 
0.99999842412156215 
0.99999855146855798 
1.00000006094803173 
0.99999797387579037 
0.99999988365600057 
0.99999946284554653 
0.99999762892462030 
0.99999801231512930 
0.99999807007408892 
0.99999966207783075 
0.99999885393448773 
0.99999955066983115 
1.00000029198911933 
0.99999796309308331 
1.00000034752101064 
0.99999977896120062 
0.99999919204875876 
0.99999842157041874 
0.99999809748036506 
