0 0 1.00003860329971772
0 1 0.99999616048656492
0 2 1.00000232965719738
0 3 1.00001600411509006
0 4 1.00000316957893420
0 5 1.00000172764498285
0 6 1.00000412980314879
0 7 1.00000451239468213
0 8 1.00000274627218055
0 9 1.00000537903607456
0 10 0.99999388639785702
0 11 1.00000287134020160
0 12 1.00000373842121060
0 13 1.00000286522645987
0 14 0.99999501185347395
0 15 1.00000216056609736
0 16 0.99999794633444861
0 17 1.00001281848769907
0 18 1.00000326148099972
0 19 1.00000654210406670
0 20 1.00000017018815779
0 21 0.99999480709920163
0 22 1.00000641678074165
0 23 1.00000424153437817
0 24 0.99999677083431293
0 25 0.99999853978368469
0 26 0.99999862221209634
0 27 1.00000022441285341
1 0 1.00000958188404065
1 1 1.00002386157699408
1 2 1.00001598974782713
1 3 1.00001275218017116
1 4 1.00000936761463688
1 5 1.00001006948704307
1 6 1.00001271889087406
1 7 0.99999915119846328
1 8 1.00000480678354053
1 9 1.00000682725406520
1 10 1.00000476961019413
1 11 1.00000357668157047
1 12 1.00000212233388863
1 13 0.99999820157365138
1 14 1.00000068588655822
1 15 1.00000865968257524
1 16 0.99999150731213615
1 17 1.00000029906653887
1 18 0.99999975481215408
1 19 0.99999955441935706
1 20 0.99999965832803295
1 21 0.99998602862149744
1 22 1.00000179845843951
1 23 0.99999694562854480
1 24 1.00000369011399548
1 25 1.00000060151727066
1 26 1.00000821931597672
1 27 1.00000248380097245
2 0 1.00001031009839991
2 1 1.00000213605458521
2 2 1.00001275060667183
2 3 0.99999480576426480
2 4 1.00000283692465652
2 5 0.99999465083553662
2 6 1.00000856507177693
2 7 1.00000096472721789
2 8 1.00000357882121138
2 9 1.00000922029054840
2 10 1.00000528992168758
2 11 0.99999974023082150
2 12 0.99999930620325939
2 13 0.99999797322641204
2 14 1.00000688869674326
2 15 0.99999641054166044
2 16 0.99999966330713208
2 17 1.00000808066379765
2 18 1.00000970484700002
2 19 0.99999680252797152
2 20 1.00000222323790067
2 21 0.99999653932563981
2 22 1.00000549814111039
2 23 1.00001399724241691
2 24 0.99999836868599201
2 25 0.99999479849315531
2 26 1.00000761364780621
2 27 1.00000651519961137
3 0 1.00001061761945054
3 1 1.00001812875860030
3 2 1.00000197883835940
3 3 1.00001697158210257
3 4 0.99999894068113371
3 5 1.00001938345862218
3 6 1.00001007486324500
3 7 1.00000942881969879
3 8 1.00000103989793843
3 9 1.00001001877170936
3 10 1.00000758149821056
3 11 1.00000335016114117
3 12 1.00000084681751256
3 13 1.00000235650479885
3 14 1.00001457505833047
3 15 1.00000690486909916
3 16 1.00000950503228725
3 17 1.00000419402002971
3 18 1.00000081713729894
3 19 1.00000118297940288
3 20 1.00000283981023141
3 21 0.99999751622687394
3 22 0.99999982358357309
3 23 1.00000436478515486
3 24 1.00000791623973817
3 25 0.99999811423641027
3 26 0.99999851190158495
3 27 0.99999866498115253
4 0 1.00000560003795158
4 1 1.00001836734602945
4 2 1.00001930798112104
4 3 1.00000978527748807
4 4 1.00000690594517860
4 5 1.00000951921706061
4 6 1.00000711900374872
4 7 1.00001470796833258
4 8 1.00000659506665368
4 9 1.00001313911866752
4 10 1.00000012405647021
4 11 1.00000306389842697
4 12 0.99999447941441888
4 13 1.00000898722063902
4 14 1.00000371193245408
4 15 0.99999577459681488
4 16 0.99999989058854921
4 17 0.99999922367773919
4 18 1.00000383344150245
4 19 0.99999735309089977
4 20 1.00000150875649108
4 21 1.00000014532570036
4 22 0.99999571222372352
4 23 0.99999407818859098
4 24 1.00000218182940048
4 25 0.99999818028649512
4 26 1.00000655756846912
4 27 0.99999830595904049
5 0 1.00000614452014491
5 1 1.00001155978524281
5 2 1.00001248340552085
5 3 1.00000572299093671
5 4 0.99999838417499642
5 5 0.99999272502517877
5 6 1.00000959844212289
5 7 0.99999268883189518
5 8 1.00000618652246009
5 9 1.00000324191505952
5 10 0.99999712647256778
5 11 0.99999268059046065
5 12 0.99999418533438722
5 13 1.00000098190569209
5 14 1.00000086537627442
5 15 1.00000623454803139
5 16 0.99999995114110307
5 17 0.99998993740214892
5 18 1.00000372243874902
5 19 1.00000351182448011
5 20 1.00000710436307494
5 21 1.00001069764842643
5 22 1.00000413595044924
5 23 0.99999199259748028
5 24 0.99999937083854007
5 25 0.99999995924923146
5 26 1.00000458900772604
5 27 1.00000012167072683
6 0 1.00002746292766598
6 1 1.00000726476109891
6 2 1.00000415174606272
6 3 1.00000286283950368
6 4 1.00001420386740536
6 5 1.00000609844707511
6 6 1.00000739825733742
6 7 1.00000543249685658
6 8 0.99999788373384313
6 9 0.99999432365659457
6 10 1.00000554439774536
6 11 1.00000215383258895
6 12 1.00000895990129912
6 13 1.00000628396279923
6 14 1.00000638115814056
6 15 0.99999927464383975
6 16 0.99999577981022914
6 17 0.99999916251553145
6 18 1.00000184864559971
6 19 0.99999596297550108
6 20 1.00000120812194893
6 21 1.00000929599187116
6 22 1.00000020104752707
6 23 1.00000451338958318
6 24 1.00000305329322159
6 25 0.99999769017511142
6 26 0.99999849757633741
6 27 1.00000165596025026
7 0 1.00001171778375531
7 1 1.00003646985243755
7 2 1.00001518917290877
7 3 1.00000143155484711
7 4 0.99999894235096154
7 5 1.00000390905944636
7 6 1.00000341167588713
7 7 1.00001146895485071
7 8 1.00000722063552661
7 9 0.99999578637467101
7 10 1.00000002553441236
7 11 1.00001131003171451
7 12 1.00000198105899973
7 13 1.00000498490658751
7 14 1.00000442260312483
7 15 0.99999624783432417
7 16 1.00001157050532496
7 17 1.00000667651499708
7 18 1.00000720824060663
7 19 1.00000372352034206
7 20 0.99999422548289618
7 21 1.00000849653302470
7 22 1.00000099659127750
7 23 0.99999354818619113
7 24 0.99999950526652193
7 25 0.99999998028924031
7 26 0.99999176735167539
7 27 0.99999479665417645
8 0 0.99999602581351354
8 1 1.00001233522768462
8 2 1.00000778043327587
8 3 1.00000957043765726
8 4 1.00000681324850738
8 5 1.00000974540041976
8 6 0.99999864701608088
8 7 1.00000752929985404
8 8 1.00000038093428301
8 9 0.99999515403967931
8 10 1.00000324539627261
8 11 1.00000247696761613
8 12 0.99999435688511651
8 13 0.99999353771451116
8 14 1.00000235771505919
8 15 1.00001310586273195
8 16 0.99999815594427777
8 17 1.00000204774786106
8 18 0.99999780901855362
8 19 1.00000798204284114
8 20 0.99999799437729686
8 21 1.00000757242265625
8 22 1.00000168278486878
8 23 0.99999175267855067
8 24 1.00000054790979065
8 25 1.00000369344572149
8 26 0.99999321300698008
8 27 1.00000757421880215
9 0 1.00001082178160949
9 1 1.00002082634384504
9 2 1.00000639164278837
9 3 1.00001904607181524
9 4 1.00000360028296886
9 5 0.99999978567139214
9 6 0.99999880801350371
9 7 1.00000225374746954
9 8 1.00000149995025489
9 9 1.00000390045794196
9 10 1.00000334421445958
9 11 1.00000279139170445
9 12 1.00000400400053846
9 13 1.00000524418264991
9 14 0.99999532810510872
9 15 1.00000450991117384
9 16 0.99999677831242162
9 17 0.99999619285813190
9 18 0.99999981998815302
9 19 0.99999467104096118
9 20 0.99999940594057524
9 21 1.00001171027127733
9 22 1.00000503105564831
9 23 1.00000251242716920
9 24 0.99999801359494422
9 25 0.99999639378669281
9 26 1.00000548824115842
9 27 1.00000163717695978
10 0 1.00001080826822197
10 1 1.00001474501839827
10 2 0.99999894251022081
10 3 1.00001059258249669
10 4 1.00000413061196203
10 5 0.99999861547229585
10 6 1.00000300197788627
10 7 1.00000881809709852
10 8 1.00000108266571819
10 9 0.99999742480302189
10 10 1.00001207187979357
10 11 1.00001064864733102
10 12 1.00000838786842827
10 13 0.99999559044504371
10 14 0.99999910612212572
10 15 0.99999563276702452
10 16 1.00000644349583023
10 17 1.00000091583129702
10 18 1.00000440345690733
10 19 1.00000355866561641
10 20 0.99999875838471142
10 21 1.00000052398493944
10 22 1.00000218880124225
10 23 1.00000451461122131
10 24 1.00000108111115460
10 25 0.99999537226402035
10 26 1.00000586522839874
10 27 1.00000540336738819
11 0 1.00001631465682483
11 1 1.00001741268294930
11 2 1.00001728158116898
11 3 1.00001163665915627
11 4 1.00001316596645862
11 5 1.00000412430304619
11 6 1.00000547245055160
11 7 1.00000842906743803
11 8 1.00000483173791821
11 9 1.00000471961507520
11 10 0.99999793472445531
11 11 0.99999450546928748
11 12 1.00000815026269319
11 13 1.00000821067647228
11 14 0.99999917498296387
11 15 1.00000240868133350
11 16 0.99999655347049021
11 17 1.00000010139076534
11 18 1.00000273200299694
11 19 0.99999847043570622
11 20 1.00000076608381105
11 21 1.00000245749334415
11 22 1.00000660030291466
11 23 0.99999821901776575
11 24 1.00000157559368752
11 25 0.99999639101421012
11 26 0.99999825342106086
11 27 1.00000049280220948
12 0 1.00002458131441152
12 1 1.00001116937131629
12 2 1.00002840842513741
12 3 1.00000932744696414
12 4 1.00000592945241529
12 5 1.00000035344468485
12 6 1.00000696348646456
12 7 0.99999895027318753
12 8 1.00000398525996848
12 9 0.99999850041545657
12 10 0.99999870743035457
12 11 1.00001108978829367
12 12 1.00000562579486552
12 13 0.99999088886667120
12 14 1.00000121620389115
12 15 0.99999924653172723
12 16 0.99999658782644307
12 17 1.00000781558077367
12 18 1.00000518164004548
12 19 0.99999997365583881
12 20 0.99999978483171648
12 21 0.99999367209188827
12 22 1.00000418785584166
12 23 0.99999398016244101
12 24 0.99999965237236477
12 25 1.00000270040088890
12 26 1.00000697489022761
12 27 0.99999976910357036
13 0 1.00002081266073573
13 1 0.99999638788752609
13 2 1.00000145459024203
13 3 1.00001807711830737
13 4 1.00001193300704894
13 5 1.00001125205436248
13 6 1.00000122075090836
13 7 1.00000569303523568
13 8 0.99999759481367534
13 9 1.00000622800577799
13 10 1.00000533862424512
13 11 1.00000845103352054
13 12 1.00001214188421761
13 13 0.99999606050097201
13 14 1.00000390941203587
13 15 0.99999026151556325
13 16 1.00000666643130165
13 17 1.00000227128409014
13 18 1.00000044044268965
13 19 1.00000889712795726
13 20 1.00000218950455855
13 21 0.99999857589265639
13 22 1.00000139241655894
13 23 0.99999299210074943
13 24 0.99999481012797331
13 25 0.99999657115936358
13 26 0.99999299924514018
13 27 0.99999743647148209
14 0 1.00002240351339933
14 1 1.00000682349528791
14 2 1.00001190520252226
14 3 1.00000627752656390
14 4 1.00001562462864069
14 5 0.99999985495338561
14 6 1.00000314510753130
14 7 1.00000897773969166
14 8 0.99999646513397022
14 9 1.00000810820115604
14 10 1.00000064724536575
14 11 1.00001331573929431
14 12 1.00000600548789720
14 13 1.00000424665976539
14 14 0.99999569634932839
14 15 1.00000040957300285
14 16 1.00000480592083951
14 17 1.00000040987554728
14 18 1.00001116054576067
14 19 1.00000472886421110
14 20 1.00000232346651541
14 21 1.00000313006060337
14 22 1.00000627843006229
14 23 0.99999844289364037
14 24 0.99999979092363989
14 25 1.00000036240306289
14 26 1.00000306171848141
14 27 0.99999946056399591
15 0 225.00064292215341766
15 1 225.99998420015091938
15 2 228.99976094887188083
15 3 233.99995078777072877
15 4 240.99937870208424329
15 5 249.99951608576137119
15 6 261.00020195245571131
15 7 273.99898065828000426
15 8 288.99998511152750780
15 9 306.00077310865742675
15 10 325.00107942854953080
15 11 345.99959593932163671
15 12 369.00048699494510629
15 13 393.99925256910591997
15 14 420.99933731700951967
15 15 -449.99940543099933166
15 16 -481.00019159765759014
15 17 -513.99946002369699727
15 18 -548.99942999049642367
15 19 -586.00025909962198511
15 20 -624.99955182299197531
15 21 -665.99973251409733166
15 22 -709.00034184776154689
15 23 -754.00053501808679357
15 24 -800.99930847174948667
15 25 -849.99865351531661872
15 26 -900.99986423156838100
15 27 -954.00007530955349466
16 0 255.99963788482540394
16 1 256.99973798739046060
16 2 260.00005568050340798
16 3 264.99969713376356140
16 4 272.00078105728499622
16 5 281.00031004423567538
16 6 292.00000916623798730
16 7 305.00001795990982600
16 8 320.00028721975638746
16 9 336.99974089833182234
16 10 356.00050502703390976
16 11 376.99960154179143501
16 12 400.00051918848964760
16 13 425.00077090086506360
16 14 452.00043295713982161
16 15 -481.00054071704875014
16 16 -511.99975559697293193
16 17 -544.99930976537234528
16 18 -579.99933861790839273
16 19 -617.00093953363000310
16 20 -656.00057698867385625
16 21 -696.99937321043285010
16 22 -739.99941153983161257
16 23 -784.99921738561874918
16 24 -832.00027495278095557
16 25 -881.00039874032950138
16 26 -932.00071380789052000
16 27 -984.99993417821804087
17 0 289.00011961328112875
17 1 290.00036652205278642
17 2 292.99986111908265229
17 3 298.00082067145029896
17 4 304.99987075787146296
17 5 313.99996250213087023
17 6 324.99980535346401211
17 7 338.00021543349430431
17 8 353.00051952595669036
17 9 369.99993720592226509
17 10 388.99998654074960314
17 11 409.99944714813193514
17 12 432.99963470079939043
17 13 458.00073194647649188
17 14 484.99884215092146178
17 15 -514.00001304579916450
17 16 -544.99928937099753057
17 17 -578.00000603942544330
17 18 -613.00012318525227784
17 19 -650.00045641375834293
17 20 -688.99979876761176456
17 21 -729.99968790773675664
17 22 -772.99999341731574987
17 23 -817.99970635906493044
17 24 -864.99966371650168639
17 25 -913.99996920340618090
17 26 -965.00013578537016201
17 27 -1018.00107281195403175
18 0 324.00033599749315272
18 1 325.00009659990945465
18 2 327.99958321866404276
18 3 332.99978892559818178
18 4 340.00065512794770939
18 5 348.99960158480888595
18 6 360.00018354854984182
18 7 373.00016737349062623
18 8 387.99937415129994633
18 9 405.00012714803841618
18 10 424.00035817985269659
18 11 444.99945409575997246
18 12 468.00015572498045913
18 13 492.99986255682375713
18 14 519.99909596503471221
18 15 -549.00111519212850908
18 16 -579.99969182176471350
18 17 -613.00040226050953152
18 18 -647.99984782353340051
18 19 -684.99964672896157936
18 20 -724.00021017045855842
18 21 -765.00059961432191358
18 22 -807.99990444276363633
18 23 -852.99950844344698453
18 24 -899.99876706013822059
18 25 -948.99957724173509632
18 26 -999.99960123101470799
18 27 -1053.00102395320959658
19 0 1.00001466498405400
19 1 1.00000317846729847
19 2 1.00002362165601055
19 3 1.00001034517311749
19 4 1.00000786640420447
19 5 0.99999164361659632
19 6 1.00000288341855037
19 7 1.00000302689468690
19 8 1.00001014697177149
19 9 1.00000192462871573
19 10 1.00000787408879122
19 11 1.00000086340033500
19 12 1.00000495618248153
19 13 1.00000195568526196
19 14 0.99999811465861943
19 15 0.99999862770994574
19 16 1.00000309122553910
19 17 1.00000672894323728
19 18 0.99999726643344744
19 19 1.00000031929147370
19 20 1.00000527445564025
19 21 0.99999523897435749
19 22 0.99999521545506487
19 23 1.00000288740454080
19 24 1.00000899211957406
19 25 1.00000123385537609
19 26 0.99999880711768396
19 27 1.00000080781867062
20 0 1.00001111639710172
20 1 1.00002216392301646
20 2 0.99999606263689744
20 3 1.00000908242719166
20 4 1.00000748690493446
20 5 1.00000648931106761
20 6 0.99999600544760092
20 7 1.00000481164759947
20 8 1.00000160330334786
20 9 0.99999731018917581
20 10 0.99999984419662558
20 11 1.00000903891125748
20 12 1.00000240008225849
20 13 1.00000374914222934
20 14 0.99999089740599922
20 15 0.99999668156202703
20 16 1.00000610729648765
20 17 0.99999857832249550
20 18 0.99999928236749946
20 19 0.99999935825174258
20 20 0.99999831397726069
20 21 1.00001014050006720
20 22 0.99999931824859312
20 23 1.00000225167285617
20 24 1.00000029212988739
20 25 0.99999996154624504
20 26 1.00000513127961699
20 27 1.00000158811859707
21 0 1.00001871293332267
21 1 1.00001708777258602
21 2 1.00001963186884368
21 3 1.00001203432932706
21 4 1.00000258784767837
21 5 1.00000946389168277
21 6 0.99999971057734238
21 7 1.00000792158166485
21 8 0.99999990236513825
21 9 1.00000591857348331
21 10 0.99999489299850519
21 11 1.00000395707433354
21 12 0.99999588135948370
21 13 1.00001004885629263
21 14 1.00000570720637660
21 15 0.99999987240586219
21 16 1.00000099741105153
21 17 1.00000053356329266
21 18 1.00000346566007803
21 19 0.99999262610576733
21 20 0.99999376694416287
21 21 0.99999902854349654
21 22 0.99999974012739845
21 23 1.00001052433458648
21 24 1.00000504135100066
21 25 0.99999908070976884
21 26 0.99999842853094856
21 27 0.99999800489687951
22 0 1.00001731915795267
22 1 1.00001842534324736
22 2 1.00001523301826989
22 3 1.00000670418579429
22 4 1.00001202843727799
22 5 1.00000174226863803
22 6 1.00000186329779117
22 7 0.99999676636657309
22 8 0.99999955886986680
22 9 1.00000445601397669
22 10 1.00000604711833985
22 11 0.99999320960330873
22 12 1.00000424439131241
22 13 1.00000289897547057
22 14 1.00000555050854434
22 15 1.00000388141984597
22 16 0.99999713844084859
22 17 0.99999513928623551
22 18 1.00000348796604333
22 19 0.99998833176069490
22 20 1.00000054914955361
22 21 1.00000175177507500
22 22 1.00000409397789336
22 23 1.00000972016584111
22 24 1.00000009872578466
22 25 1.00000021950421680
22 26 1.00000335799054341
22 27 0.99999759938762067
23 0 1.00001106527222028
23 1 0.99999250822438757
23 2 1.00003223952902043
23 3 1.00000421556622010
23 4 1.00001089600787285
23 5 1.00000672641403043
23 6 1.00000359408515882
23 7 0.99999689554615145
23 8 1.00001209990475681
23 9 1.00000030238196636
23 10 1.00000435898862339
23 11 1.00000824479946315
23 12 1.00000362948496568
23 13 1.00000087116014846
23 14 0.99999525083480256
23 15 1.00000561281142408
23 16 1.00000157778779331
23 17 1.00000042303845937
23 18 0.99999901576997907
23 19 0.99999710677593734
23 20 0.99999848428425675
23 21 0.99999358423588680
23 22 1.00000296107927267
23 23 1.00000459129334107
23 24 0.99999769745078437
23 25 0.99999965769729493
23 26 1.00000622623599877
23 27 1.00000010296557607
24 0 1.00000907083572832
24 1 1.00000687800505217
24 2 1.00001313384443602
24 3 0.99999691727156192
24 4 1.00001393703254871
24 5 1.00001003862549509
24 6 0.99999637071176495
24 7 1.00000242723385346
24 8 1.00001099594946918
24 9 1.00001104949679664
24 10 1.00000698455637305
24 11 1.00000868123477438
24 12 1.00000599988598915
24 13 1.00000381659138049
24 14 0.99999530709038809
24 15 1.00000318852067305
24 16 0.99999474230181562
24 17 0.99999590896892432
24 18 1.00000157499968223
24 19 1.00000681086645660
24 20 1.00000225471097881
24 21 1.00000186549202663
24 22 0.99999702833271609
24 23 0.99999764956166082
24 24 0.99999961799416481
24 25 1.00000823807150807
24 26 0.99999977289318509
24 27 0.99999996541686254
25 0 1.00001963736217592
25 1 1.00002112081749517
25 2 1.00001456676848721
25 3 1.00001122911654927
25 4 1.00000735847174349
25 5 1.00000926506596000
25 6 0.99999178627432717
25 7 1.00000503559545328
25 8 1.00000827464736308
25 9 0.99999626884761317
25 10 1.00000066998539183
25 11 1.00000441763438075
25 12 0.99999514795874378
25 13 1.00001111905479467
25 14 1.00000154766422833
25 15 0.99999567457859151
25 16 1.00000697155461915
25 17 1.00000368335773371
25 18 1.00000264139176309
25 19 1.00000230566806736
25 20 0.99999313041500781
25 21 1.00000683803538770
25 22 0.99999315647053111
25 23 1.00000232838855108
25 24 1.00000083342804502
25 25 0.99999237205452496
25 26 1.00000118769661817
25 27 0.99999748086710749
26 0 1.00001892682690818
26 1 1.00001254569224107
26 2 1.00001154115335811
26 3 1.00001202773013786
26 4 1.00000714537365054
26 5 1.00000850948058528
26 6 1.00001225283323469
26 7 1.00001166913364670
26 8 1.00000000512780463
26 9 1.00000215160143169
26 10 1.00000226270081649
26 11 0.99999006174718941
26 12 1.00000731375235818
26 13 1.00000287696081602
26 14 1.00000310010254556
26 15 0.99999807062534429
26 16 0.99999861514543920
26 17 1.00000273768056225
26 18 1.00000049724729800
26 19 1.00000609342416169
26 20 1.00000292448789363
26 21 0.99999963490923882
26 22 0.99999167471089945
26 23 0.99999365646071758
26 24 1.00000264613292655
26 25 0.99998935240239106
26 26 1.00000887614337497
26 27 1.00000133890295406
27 0 1.00001494810086289
27 1 0.99998969037262264
27 2 1.00000611345639734
27 3 1.00002594730609395
27 4 1.00000316756569374
27 5 0.99999884391918625
27 6 1.00000700431452150
27 7 1.00001090368274759
27 8 1.00001077816935258
27 9 1.00000386086394122
27 10 0.99999866487893863
27 11 1.00000800280404945
27 12 1.00000272641616572
27 13 1.00000202361231194
27 14 1.00000018042605987
27 15 1.00000742015692046
27 16 1.00001320751842049
27 17 1.00000413946872602
27 18 1.00000999269340762
27 19 1.00000210496457953
27 20 1.00000763689965311
27 21 1.00000394298881234
27 22 1.00000732750634369
27 23 0.99998847434334592
27 24 1.00000245998586568
27 25 1.00000659591381980
27 26 1.00000049735570773
27 27 1.00000427348948184
