28 28
1.00003860329971772 
1.00000958188404065 
1.00001031009839991 
1.00001061761945054 
1.00000560003795158 
1.00000614452014491 
1.00002746292766598 
1.00001171778375531 
0.99999602581351354 
1.00001082178160949 
1.00001080826822197 
1.00001631465682483 
1.00002458131441152 
1.00002081266073573 
1.00002240351339933 
225.00064292215341766 
255.99963788482540394 
289.00011961328112875 
324.00033599749315272 
1.00001466498405400 
1.00001111639710172 
1.00001871293332267 
1.00001731915795267 
1.00001106527222028 
1.00000907083572832 
1.00001963736217592 
1.00001892682690818 
1.00001494810086289 
0.99999616048656492 
1.00002386157699408 
1.00000213605458521 
1.00001812875860030 
1.00001836734602945 
1.00001155978524281 
1.00000726476109891 
1.00003646985243755 
1.00001233522768462 
1.00002082634384504 
1.00001474501839827 
1.00001741268294930 
1.00001116937131629 
0.99999638788752609 
1.00000682349528791 
225.99998420015091938 
256.99973798739046060 
290.00036652205278642 
325.00009659990945465 
1.00000317846729847 
1.00002216392301646 
1.00001708777258602 
1.00001842534324736 
0.99999250822438757 
1.00000687800505217 
1.00002112081749517 
1.00001254569224107 
0.99998969037262264 
1.00000232965719738 
1.00001598974782713 
1.00001275060667183 
1.00000197883835940 
1.00001930798112104 
1.00001248340552085 
1.00000415174606272 
1.00001518917290877 
1.00000778043327587 
1.00000639164278837 
0.99999894251022081 
1.00001728158116898 
1.00002840842513741 
1.00000145459024203 
1.00001190520252226 
228.99976094887188083 
260.00005568050340798 
292.99986111908265229 
327.99958321866404276 
1.00002362165601055 
0.99999606263689744 
1.00001963186884368 
1.00001523301826989 
1.00003223952902043 
1.00001313384443602 
1.00001456676848721 
1.00001154115335811 
1.00000611345639734 
1.00001600411509006 
1.00001275218017116 
0.99999480576426480 
1.00001697158210257 
1.00000978527748807 
1.00000572299093671 
1.00000286283950368 
1.00000143155484711 
1.00000957043765726 
1.00001904607181524 
1.00001059258249669 
1.00001163665915627 
1.00000932744696414 
1.00001807711830737 
1.00000627752656390 
233.99995078777072877 
264.99969713376356140 
298.00082067145029896 
332.99978892559818178 
1.00001034517311749 
1.00000908242719166 
1.00001203432932706 
1.00000670418579429 
1.00000421556622010 
0.99999691727156192 
1.00001122911654927 
1.00001202773013786 
1.00002594730609395 
1.00000316957893420 
1.00000936761463688 
1.00000283692465652 
0.99999894068113371 
1.00000690594517860 
0.99999838417499642 
1.00001420386740536 
0.99999894235096154 
1.00000681324850738 
1.00000360028296886 
1.00000413061196203 
1.00001316596645862 
1.00000592945241529 
1.00001193300704894 
1.00001562462864069 
240.99937870208424329 
272.00078105728499622 
304.99987075787146296 
340.00065512794770939 
1.00000786640420447 
1.00000748690493446 
1.00000258784767837 
1.00001202843727799 
1.00001089600787285 
1.00001393703254871 
1.00000735847174349 
1.00000714537365054 
1.00000316756569374 
1.00000172764498285 
1.00001006948704307 
0.99999465083553662 
1.00001938345862218 
1.00000951921706061 
0.99999272502517877 
1.00000609844707511 
1.00000390905944636 
1.00000974540041976 
0.99999978567139214 
0.99999861547229585 
1.00000412430304619 
1.00000035344468485 
1.00001125205436248 
0.99999985495338561 
249.99951608576137119 
281.00031004423567538 
313.99996250213087023 
348.99960158480888595 
0.99999164361659632 
1.00000648931106761 
1.00000946389168277 
1.00000174226863803 
1.00000672641403043 
1.00001003862549509 
1.00000926506596000 
1.00000850948058528 
0.99999884391918625 
1.00000412980314879 
1.00001271889087406 
1.00000856507177693 
1.00001007486324500 
1.00000711900374872 
1.00000959844212289 
1.00000739825733742 
1.00000341167588713 
0.99999864701608088 
0.99999880801350371 
1.00000300197788627 
1.00000547245055160 
1.00000696348646456 
1.00000122075090836 
1.00000314510753130 
261.00020195245571131 
292.00000916623798730 
324.99980535346401211 
360.00018354854984182 
1.00000288341855037 
0.99999600544760092 
0.99999971057734238 
1.00000186329779117 
1.00000359408515882 
0.99999637071176495 
0.99999178627432717 
1.00001225283323469 
1.00000700431452150 
1.00000451239468213 
0.99999915119846328 
1.00000096472721789 
1.00000942881969879 
1.00001470796833258 
0.99999268883189518 
1.00000543249685658 
1.00001146895485071 
1.00000752929985404 
1.00000225374746954 
1.00000881809709852 
1.00000842906743803 
0.99999895027318753 
1.00000569303523568 
1.00000897773969166 
273.99898065828000426 
305.00001795990982600 
338.00021543349430431 
373.00016737349062623 
1.00000302689468690 
1.00000481164759947 
1.00000792158166485 
0.99999676636657309 
0.99999689554615145 
1.00000242723385346 
1.00000503559545328 
1.00001166913364670 
1.00001090368274759 
1.00000274627218055 
1.00000480678354053 
1.00000357882121138 
1.00000103989793843 
1.00000659506665368 
1.00000618652246009 
0.99999788373384313 
1.00000722063552661 
1.00000038093428301 
1.00000149995025489 
1.00000108266571819 
1.00000483173791821 
1.00000398525996848 
0.99999759481367534 
0.99999646513397022 
288.99998511152750780 
320.00028721975638746 
353.00051952595669036 
387.99937415129994633 
1.00001014697177149 
1.00000160330334786 
0.99999990236513825 
0.99999955886986680 
1.00001209990475681 
1.00001099594946918 
1.00000827464736308 
1.00000000512780463 
1.00001077816935258 
1.00000537903607456 
1.00000682725406520 
1.00000922029054840 
1.00001001877170936 
1.00001313911866752 
1.00000324191505952 
0.99999432365659457 
0.99999578637467101 
0.99999515403967931 
1.00000390045794196 
0.99999742480302189 
1.00000471961507520 
0.99999850041545657 
1.00000622800577799 
1.00000810820115604 
306.00077310865742675 
336.99974089833182234 
369.99993720592226509 
405.00012714803841618 
1.00000192462871573 
0.99999731018917581 
1.00000591857348331 
1.00000445601397669 
1.00000030238196636 
1.00001104949679664 
0.99999626884761317 
1.00000215160143169 
1.00000386086394122 
0.99999388639785702 
1.00000476961019413 
1.00000528992168758 
1.00000758149821056 
1.00000012405647021 
0.99999712647256778 
1.00000554439774536 
1.00000002553441236 
1.00000324539627261 
1.00000334421445958 
1.00001207187979357 
0.99999793472445531 
0.99999870743035457 
1.00000533862424512 
1.00000064724536575 
325.00107942854953080 
356.00050502703390976 
388.99998654074960314 
424.00035817985269659 
1.00000787408879122 
0.99999984419662558 
0.99999489299850519 
1.00000604711833985 
1.00000435898862339 
1.00000698455637305 
1.00000066998539183 
1.00000226270081649 
0.99999866487893863 
1.00000287134020160 
1.00000357668157047 
0.99999974023082150 
1.00000335016114117 
1.00000306389842697 
0.99999268059046065 
1.00000215383258895 
1.00001131003171451 
1.00000247696761613 
1.00000279139170445 
1.00001064864733102 
0.99999450546928748 
1.00001108978829367 
1.00000845103352054 
1.00001331573929431 
345.99959593932163671 
376.99960154179143501 
409.99944714813193514 
444.99945409575997246 
1.00000086340033500 
1.00000903891125748 
1.00000395707433354 
0.99999320960330873 
1.00000824479946315 
1.00000868123477438 
1.00000441763438075 
0.99999006174718941 
1.00000800280404945 
1.00000373842121060 
1.00000212233388863 
0.99999930620325939 
1.00000084681751256 
0.99999447941441888 
0.99999418533438722 
1.00000895990129912 
1.00000198105899973 
0.99999435688511651 
1.00000400400053846 
1.00000838786842827 
1.00000815026269319 
1.00000562579486552 
1.00001214188421761 
1.00000600548789720 
369.00048699494510629 
400.00051918848964760 
432.99963470079939043 
468.00015572498045913 
1.00000495618248153 
1.00000240008225849 
0.99999588135948370 
1.00000424439131241 
1.00000362948496568 
1.00000599988598915 
0.99999514795874378 
1.00000731375235818 
1.00000272641616572 
1.00000286522645987 
0.99999820157365138 
0.99999797322641204 
1.00000235650479885 
1.00000898722063902 
1.00000098190569209 
1.00000628396279923 
1.00000498490658751 
0.99999353771451116 
1.00000524418264991 
0.99999559044504371 
1.00000821067647228 
0.99999088886667120 
0.99999606050097201 
1.00000424665976539 
393.99925256910591997 
425.00077090086506360 
458.00073194647649188 
492.99986255682375713 
1.00000195568526196 
1.00000374914222934 
1.00001004885629263 
1.00000289897547057 
1.00000087116014846 
1.00000381659138049 
1.00001111905479467 
1.00000287696081602 
1.00000202361231194 
0.99999501185347395 
1.00000068588655822 
1.00000688869674326 
1.00001457505833047 
1.00000371193245408 
1.00000086537627442 
1.00000638115814056 
1.00000442260312483 
1.00000235771505919 
0.99999532810510872 
0.99999910612212572 
0.99999917498296387 
1.00000121620389115 
1.00000390941203587 
0.99999569634932839 
420.99933731700951967 
452.00043295713982161 
484.99884215092146178 
519.99909596503471221 
0.99999811465861943 
0.99999089740599922 
1.00000570720637660 
1.00000555050854434 
0.99999525083480256 
0.99999530709038809 
1.00000154766422833 
1.00000310010254556 
1.00000018042605987 
1.00000216056609736 
1.00000865968257524 
0.99999641054166044 
1.00000690486909916 
0.99999577459681488 
1.00000623454803139 
0.99999927464383975 
0.99999624783432417 
1.00001310586273195 
1.00000450991117384 
0.99999563276702452 
1.00000240868133350 
0.99999924653172723 
0.99999026151556325 
1.00000040957300285 
-449.99940543099933166 
-481.00054071704875014 
-514.00001304579916450 
-549.00111519212850908 
0.99999862770994574 
0.99999668156202703 
0.99999987240586219 
1.00000388141984597 
1.00000561281142408 
1.00000318852067305 
0.99999567457859151 
0.99999807062534429 
1.00000742015692046 
0.99999794633444861 
0.99999150731213615 
0.99999966330713208 
1.00000950503228725 
0.99999989058854921 
0.99999995114110307 
0.99999577981022914 
1.00001157050532496 
0.99999815594427777 
0.99999677831242162 
1.00000644349583023 
0.99999655347049021 
0.99999658782644307 
1.00000666643130165 
1.00000480592083951 
-481.00019159765759014 
-511.99975559697293193 
-544.99928937099753057 
-579.99969182176471350 
1.00000309122553910 
1.00000610729648765 
1.00000099741105153 
0.99999713844084859 
1.00000157778779331 
0.99999474230181562 
1.00000697155461915 
0.99999861514543920 
1.00001320751842049 
1.00001281848769907 
1.00000029906653887 
1.00000808066379765 
1.00000419402002971 
0.99999922367773919 
0.99998993740214892 
0.99999916251553145 
1.00000667651499708 
1.00000204774786106 
0.99999619285813190 
1.00000091583129702 
1.00000010139076534 
1.00000781558077367 
1.00000227128409014 
1.00000040987554728 
-513.99946002369699727 
-544.99930976537234528 
-578.00000603942544330 
-613.00040226050953152 
1.00000672894323728 
0.99999857832249550 
1.00000053356329266 
0.99999513928623551 
1.00000042303845937 
0.99999590896892432 
1.00000368335773371 
1.00000273768056225 
1.00000413946872602 
1.00000326148099972 
0.99999975481215408 
1.00000970484700002 
1.00000081713729894 
1.00000383344150245 
1.00000372243874902 
1.00000184864559971 
1.00000720824060663 
0.99999780901855362 
0.99999981998815302 
1.00000440345690733 
1.00000273200299694 
1.00000518164004548 
1.00000044044268965 
1.00001116054576067 
-548.99942999049642367 
-579.99933861790839273 
-613.00012318525227784 
-647.99984782353340051 
0.99999726643344744 
0.99999928236749946 
1.00000346566007803 
1.00000348796604333 
0.99999901576997907 
1.00000157499968223 
1.00000264139176309 
1.00000049724729800 
1.00000999269340762 
1.00000654210406670 
0.99999955441935706 
0.99999680252797152 
1.00000118297940288 
0.99999735309089977 
1.00000351182448011 
0.99999596297550108 
1.00000372352034206 
1.00000798204284114 
0.99999467104096118 
1.00000355866561641 
0.99999847043570622 
0.99999997365583881 
1.00000889712795726 
1.00000472886421110 
-586.00025909962198511 
-617.00093953363000310 
-650.00045641375834293 
-684.99964672896157936 
1.00000031929147370 
0.99999935825174258 
0.99999262610576733 
0.99998833176069490 
0.99999710677593734 
1.00000681086645660 
1.00000230566806736 
1.00000609342416169 
1.00000210496457953 
1.00000017018815779 
0.99999965832803295 
1.00000222323790067 
1.00000283981023141 
1.00000150875649108 
1.00000710436307494 
1.00000120812194893 
0.99999422548289618 
0.99999799437729686 
0.99999940594057524 
0.99999875838471142 
1.00000076608381105 
0.99999978483171648 
1.00000218950455855 
1.00000232346651541 
-624.99955182299197531 
-656.00057698867385625 
-688.99979876761176456 
-724.00021017045855842 
1.00000527445564025 
0.99999831397726069 
0.99999376694416287 
1.00000054914955361 
0.99999848428425675 
1.00000225471097881 
0.99999313041500781 
1.00000292448789363 
1.00000763689965311 
0.99999480709920163 
0.99998602862149744 
0.99999653932563981 
0.99999751622687394 
1.00000014532570036 
1.00001069764842643 
1.00000929599187116 
1.00000849653302470 
1.00000757242265625 
1.00001171027127733 
1.00000052398493944 
1.00000245749334415 
0.99999367209188827 
0.99999857589265639 
1.00000313006060337 
-665.99973251409733166 
-696.99937321043285010 
-729.99968790773675664 
-765.00059961432191358 
0.99999523897435749 
1.00001014050006720 
0.99999902854349654 
1.00000175177507500 
0.99999358423588680 
1.00000186549202663 
1.00000683803538770 
0.99999963490923882 
1.00000394298881234 
1.00000641678074165 
1.00000179845843951 
1.00000549814111039 
0.99999982358357309 
0.99999571222372352 
1.00000413595044924 
1.00000020104752707 
1.00000099659127750 
1.00000168278486878 
1.00000503105564831 
1.00000218880124225 
1.00000660030291466 
1.00000418785584166 
1.00000139241655894 
1.00000627843006229 
-709.00034184776154689 
-739.99941153983161257 
-772.99999341731574987 
-807.99990444276363633 
0.99999521545506487 
0.99999931824859312 
0.99999974012739845 
1.00000409397789336 
1.00000296107927267 
0.99999702833271609 
0.99999315647053111 
0.99999167471089945 
1.00000732750634369 
1.00000424153437817 
0.99999694562854480 
1.00001399724241691 
1.00000436478515486 
0.99999407818859098 
0.99999199259748028 
1.00000451338958318 
0.99999354818619113 
0.99999175267855067 
1.00000251242716920 
1.00000451461122131 
0.99999821901776575 
0.99999398016244101 
0.99999299210074943 
0.99999844289364037 
-754.00053501808679357 
-784.99921738561874918 
-817.99970635906493044 
-852.99950844344698453 
1.00000288740454080 
1.00000225167285617 
1.00001052433458648 
1.00000972016584111 
1.00000459129334107 
0.99999764956166082 
1.00000232838855108 
0.99999365646071758 
0.99998847434334592 
0.99999677083431293 
1.00000369011399548 
0.99999836868599201 
1.00000791623973817 
1.00000218182940048 
0.99999937083854007 
1.00000305329322159 
0.99999950526652193 
1.00000054790979065 
0.99999801359494422 
1.00000108111115460 
1.00000157559368752 
0.99999965237236477 
0.99999481012797331 
0.99999979092363989 
-800.99930847174948667 
-832.00027495278095557 
-864.99966371650168639 
-899.99876706013822059 
1.00000899211957406 
1.00000029212988739 
1.00000504135100066 
1.00000009872578466 
0.99999769745078437 
0.99999961799416481 
1.00000083342804502 
1.00000264613292655 
1.00000245998586568 
0.99999853978368469 
1.00000060151727066 
0.99999479849315531 
0.99999811423641027 
0.99999818028649512 
0.99999995924923146 
0.99999769017511142 
0.99999998028924031 
1.00000369344572149 
0.99999639378669281 
0.99999537226402035 
0.99999639101421012 
1.00000270040088890 
0.99999657115936358 
1.00000036240306289 
-849.99865351531661872 
-881.00039874032950138 
-913.99996920340618090 
-948.99957724173509632 
1.00000123385537609 
0.99999996154624504 
0.99999908070976884 
1.00000021950421680 
0.99999965769729493 
1.00000823807150807 
0.99999237205452496 
0.99998935240239106 
1.00000659591381980 
0.99999862221209634 
1.00000821931597672 
1.00000761364780621 
0.99999851190158495 
1.00000655756846912 
1.00000458900772604 
0.99999849757633741 
0.99999176735167539 
0.99999321300698008 
1.00000548824115842 
1.00000586522839874 
0.99999825342106086 
1.00000697489022761 
0.99999299924514018 
1.00000306171848141 
-900.99986423156838100 
-932.00071380789052000 
-965.00013578537016201 
-999.99960123101470799 
0.99999880711768396 
1.00000513127961699 
0.99999842853094856 
1.00000335799054341 
1.00000622623599877 
0.99999977289318509 
1.00000118769661817 
1.00000887614337497 
1.00000049735570773 
1.00000022441285341 
1.00000248380097245 
1.00000651519961137 
0.99999866498115253 
0.99999830595904049 
1.00000012167072683 
1.00000165596025026 
0.99999479665417645 
1.00000757421880215 
1.00000163717695978 
1.00000540336738819 
1.00000049280220948 
0.99999976910357036 
0.99999743647148209 
0.99999946056399591 
-954.00007530955349466 
-984.99993417821804087 
-1018.00107281195403175 
-1053.00102395320959658 
1.00000080781867062 
1.00000158811859707 
0.99999800489687951 
0.99999759938762067 
1.00000010296557607 
0.99999996541686254 
0.99999748086710749 
1.00000133890295406 
1.00000427348948184 
