0 0 -0.00000050603521626
0 1 0.00000397026343174
0 2 0.00000100107554232
0 3 0.00000173100108752
0 4 0.00000185205052550
0 5 0.00000018487952488
0 6 0.00000182680791383
0 7 0.00000473971428923
0 8 -0.00000024312647275
0 9 0.00000244176730528
0 10 -0.00000104861364082
0 11 0.00000373231839227
0 12 0.00000488750596369
0 13 0.00000145402785723
0 14 0.00000267220259571
0 15 0.00000273221464547
0 16 0.00000369456231337
0 17 0.00000416386778900
0 18 0.00000611860809107
0 19 0.00000430326367116
0 20 0.00000144644656442
0 21 0.00000316999861380
0 22 0.00000315350432666
0 23 0.00000040567155391
0 24 -0.00000053576918592
1 0 -0.00000037744717026
1 1 -0.00000063216726987
1 2 0.00000367948535311
1 3 0.00000199301295724
1 4 -0.00000101412839684
1 5 0.00000264267782685
1 6 0.00000344876295629
1 7 0.00000507533233939
1 8 0.00000109914514521
1 9 0.00000104666128725
1 10 0.00000148746906129
1 11 0.00000103742454754
1 12 0.00000575977400824
1 13 1.00000118029515361
1 14 1.00000157898526609
1 15 1.00000060426053161
1 16 1.00000386045081546
1 17 1.00000475992446836
1 18 1.00000508590364223
1 19 1.00000094684494534
1 20 1.00000000218468066
1 21 1.00000099325198910
1 22 1.00000139488601225
1 23 1.00000094838925890
1 24 0.99999884344207945
2 0 0.00000484185038565
2 1 0.00000359447691276
2 2 -0.00000058160973675
2 3 -0.00000203775127060
2 4 0.00000367431086637
2 5 -0.00000017846194659
2 6 -0.00000027640369481
2 7 0.00000545301614200
2 8 -0.00000023917699095
2 9 0.00000181513714767
2 10 0.00000444817224684
2 11 0.00000430773070712
2 12 0.00000305780681730
2 13 2.00000272665734613
2 14 2.00000216314121682
2 15 2.00000576814486930
2 16 2.00000054358858881
2 17 1.99999691563444859
2 18 2.00000225874641568
2 19 2.00000408863113499
2 20 2.00000162780316915
2 21 1.99999889469193581
2 22 2.00000432210937040
2 23 1.99999720459826436
2 24 1.99999931486000770
3 0 0.00000251264736998
3 1 0.00000466614300001
3 2 0.00000073626607850
3 3 0.00000195385750614
3 4 0.00000436207770224
3 5 0.00000017434976717
3 6 -0.00000252125073392
3 7 0.00000010475982783
3 8 0.00000219396988556
3 9 0.00000475570906304
3 10 0.00000287006089648
3 11 0.00000230686005474
3 12 0.00000051214037819
3 13 0.00000081968524041
3 14 2.99999674820638296
3 15 3.00001222217321706
3 16 3.00000797079710591
3 17 2.99999992330125220
3 18 3.00000598181457656
3 19 3.00000697992741694
3 20 3.00000260576404765
3 21 3.00000525443301802
3 22 3.00000713108087558
3 23 3.00000180909274228
3 24 2.99999728148654699
4 0 0.00000404963847911
4 1 0.00000095193934478
4 2 -0.00000143106570141
4 3 -0.00000214615081317
4 4 0.00000300871728303
4 5 0.00000306830060893
4 6 0.00000221264172814
4 7 0.00000440681600525
4 8 0.00000131880624152
4 9 0.00000382625931549
4 10 0.00000097720344086
4 11 0.00000838411926811
4 12 -0.00000013004392411
4 13 0.00000274501384137
4 14 0.00000146252063281
4 15 4.00000488702869728
4 16 4.00000038535633440
4 17 3.99999394519426810
4 18 4.00000551972877894
4 19 4.00000238567863597
4 20 4.00000559635027475
4 21 4.00000736434100901
4 22 3.99999666567819068
4 23 4.00000483435135923
4 24 4.00000611539725259
5 0 -0.00000265430123363
5 1 0.00000529792032570
5 2 -0.00000009684867451
5 3 -0.00000194450733844
5 4 0.00000026797456539
5 5 0.00000200967289782
5 6 -0.00000005673477268
5 7 -0.00000001209859723
5 8 -0.00000069569984912
5 9 0.00000133551827320
5 10 0.00000593972609222
5 11 0.00000189022916796
5 12 0.00000126225659720
5 13 0.00000162115819676
5 14 -0.00000121961479205
5 15 5.00000318446531367
5 16 4.99999835585684860
5 17 5.00000774885366184
5 18 5.00000128235943109
5 19 5.00000631474387358
5 20 5.00000164040793127
5 21 4.99999841600442174
5 22 4.99999535648744420
5 23 5.00000222003794637
5 24 4.99999874255823773
6 0 -0.00000282791905793
6 1 0.00000593949197129
6 2 -0.00000264080761803
6 3 0.00000094524319898
6 4 0.00000348044531901
6 5 0.00000408756809487
6 6 0.00000192508298396
6 7 0.00000679728033232
6 8 0.00000216526746385
6 9 0.00000297097396576
6 10 -0.00000019174592765
6 11 0.00000101549238699
6 12 0.00000370232828973
6 13 0.00000430928049243
6 14 0.00000157833277887
6 15 0.00000027866895153
6 16 5.99999086194086129
6 17 6.00000147243998416
6 18 5.99999118381426388
6 19 5.99999253730279580
6 20 6.00000025889645627
6 21 6.00000061025421250
6 22 6.00000121857846302
6 23 5.99999850671726609
6 24 6.00000292926360412
7 0 0.00000340738639358
7 1 0.00000096364323984
7 2 0.00000544654287161
7 3 0.00000042641268492
7 4 0.00000474099361872
7 5 0.00000243599889642
7 6 -0.00000142663477028
7 7 0.00000124307621212
7 8 0.00000039297081261
7 9 0.00000311906399452
7 10 0.00000130905560397
7 11 0.00000345719932946
7 12 0.00000429103532406
7 13 0.00000305024466783
7 14 0.00000005813385307
7 15 0.00000326389100120
7 16 6.99999906747331391
7 17 7.00000673788016758
7 18 7.00000434088724255
7 19 6.99999377202706263
7 20 7.00000373231374429
7 21 7.00000516224920410
7 22 7.00000052784960225
7 23 7.00000320785004515
7 24 7.00000345642881872
8 0 0.00000088670924205
8 1 0.00000130952708102
8 2 0.00000309353720141
8 3 -0.00000055599172834
8 4 0.00000087141892240
8 5 -0.00000028574226182
8 6 -0.00000051010436899
8 7 -0.00000179919650095
8 8 0.00000169224875468
8 9 0.00000299396234272
8 10 0.00000310626310768
8 11 0.00000164084361787
8 12 0.00000638781159576
8 13 0.00000280102598041
8 14 0.00000580421467177
8 15 -0.00000097939060260
8 16 -0.00000193966740757
8 17 8.00000987032900390
8 18 7.99999489624850924
8 19 8.00000370726106347
8 20 7.99999284560221113
8 21 7.99998696482027860
8 22 8.00000771627156659
8 23 7.99999285971118201
8 24 8.00000288398665127
9 0 0.00000230961965746
9 1 0.00000010459010602
9 2 0.00000239537165499
9 3 -0.00000030152141352
9 4 -0.00000159431540106
9 5 0.00000319837746959
9 6 0.00000526696686738
9 7 -0.00000143458447998
9 8 0.00000361337241911
9 9 -0.00000049767389597
9 10 0.00000164265604823
9 11 0.00000258631173092
9 12 0.00000138814959809
9 13 0.00000230934602621
9 14 0.00000304483075131
9 15 0.00000179678793836
9 16 0.00000130025559634
9 17 8.99999349282015437
9 18 8.99998707987877111
9 19 8.99999131923760665
9 20 9.00001168113150918
9 21 8.99999579216291323
9 22 8.99998489211603747
9 23 9.00000103962390163
9 24 9.00000784138325116
10 0 0.00000208703432555
10 1 0.00000101157205883
10 2 0.00000108288393647
10 3 0.00000580591257781
10 4 0.00000330284125747
10 5 0.00000286281733873
10 6 0.00000136495207315
10 7 0.00000273945493326
10 8 0.00000169224019629
10 9 0.00000516999289358
10 10 0.00000279005469964
10 11 0.00000366984264914
10 12 0.00000347656266908
10 13 0.00000301189928313
10 14 0.00000229892233819
10 15 0.00000172495046542
10 16 0.00000162192768495
10 17 9.99999262564550406
10 18 10.00000482203676100
10 19 10.00000079625143989
10 20 10.00000117200098693
10 21 9.99999012851001190
10 22 9.99998431654599784
10 23 9.99998608701914726
10 24 10.00001300815554472
11 0 0.00000079781406220
11 1 -0.00000039826892233
11 2 -0.00000161811777511
11 3 0.00000016357616037
11 4 0.00000106313085937
11 5 -0.00000160073894341
11 6 0.00000153270302858
11 7 0.00000185874972230
11 8 0.00000188797878738
11 9 -0.00000123195747724
11 10 0.00000381338634645
11 11 0.00000612181886518
11 12 0.00000049304950566
11 13 0.00000409146400940
11 14 0.00000407205129950
11 15 0.00000273146407462
11 16 0.00000233254280631
11 17 10.99999584842552025
11 18 10.99999026393022561
11 19 11.00001198679978920
11 20 10.99999809000479978
11 21 10.99999130215044119
11 22 11.00000026858731950
11 23 10.99997991967917166
11 24 11.00000515234062881
12 0 -0.00000024348582990
12 1 0.00000375914042085
12 2 -0.00000123879071756
12 3 0.00000123576515495
12 4 0.00000110737129986
12 5 0.00000215329181342
12 6 0.00000062383564015
12 7 0.00000093380296147
12 8 0.00000409311062756
12 9 0.00000159620236542
12 10 0.00000259726003684
12 11 0.00000238851417936
12 12 0.00000169307522805
12 13 0.00000488330927621
12 14 0.00000333345934578
12 15 0.00000371864805563
12 16 0.00000137072898203
12 17 11.99999296488165434
12 18 12.00000844000507705
12 19 11.99998002205335901
12 20 12.00000329634141849
12 21 11.99999481269678903
12 22 12.00001946425237520
12 23 12.00000750159241036
12 24 12.00000654210123052
13 0 0.00000518582877004
13 1 0.00000096661646662
13 2 0.00000160937199677
13 3 0.00000351734102895
13 4 0.00000287805948306
13 5 0.00000492262986698
13 6 -0.00000037137702793
13 7 0.00000056535370252
13 8 0.00000325884809038
13 9 0.00000467471108030
13 10 0.00000498952457101
13 11 0.00000157668769893
13 12 -0.00000170237790963
13 13 0.00000405532746704
13 14 0.00000326783157392
13 15 0.00000181843547611
13 16 0.00000106592954382
13 17 13.00000350540816640
13 18 13.00000655075579914
13 19 12.99999573815873077
13 20 13.00001479883107613
13 21 12.99999437782633827
13 22 13.00000678817665900
13 23 12.99999911610395209
13 24 13.00001117879845935
14 0 0.00000120675637575
14 1 -0.00000123006451102
14 2 0.00000161467743165
14 3 0.00000036023535458
14 4 -0.00000105986551395
14 5 -0.00000005913489355
14 6 0.00000260742940941
14 7 0.00000296281157581
14 8 0.00000014736668551
14 9 0.00000045184799735
14 10 0.00000051655552931
14 11 0.00000172941813824
14 12 0.00000021212525018
14 13 0.00000105750219051
14 14 0.00000224560344245
14 15 0.00000172506621418
14 16 0.00000227717087966
14 17 14.00001620486950316
14 18 14.00001023393731359
14 19 13.99998325011623379
14 20 13.99999321502621008
14 21 13.99998416802772105
14 22 13.99999836971273126
14 23 13.99999581909073854
14 24 14.00001454082824814
15 0 0.00000277011051317
15 1 0.00000156555378484
15 2 -0.00000045081966444
15 3 -0.00000166972163625
15 4 0.00000188248916306
15 5 0.00000438885678024
15 6 -0.00000011773809067
15 7 -0.00000128960103669
15 8 0.00000515587985763
15 9 0.00000191364037363
15 10 0.00000506884841421
15 11 0.00000375402257263
15 12 -0.00000074518803509
15 13 0.00000203849592494
15 14 0.00000334693184025
15 15 0.00000466109581579
15 16 0.00000373345189651
15 17 15.00000708239390690
15 18 14.99998898889403520
15 19 14.99999920650974872
15 20 15.00001264270783707
15 21 14.99997143332442384
15 22 14.99999092113628762
15 23 14.99997791813456693
15 24 14.99999522989032563
16 0 0.00000305408905702
16 1 0.00000353528817775
16 2 -0.00000116536499342
16 3 0.00000382663026671
16 4 0.00000040507037258
16 5 0.00000058032005466
16 6 0.00000219859179397
16 7 0.00000156654284518
16 8 0.00000189047299846
16 9 0.00000109331126022
16 10 0.00000109904473687
16 11 0.00000215409351160
16 12 0.00000306078328894
16 13 0.00000474806650119
16 14 0.00000093200858850
16 15 0.00000131901999823
16 16 0.00000179502243589
16 17 16.00001875727261691
16 18 16.00000003352113964
16 19 16.00002658099950636
16 20 15.99999767998515665
16 21 15.99997856587489231
16 22 16.00000347647147692
16 23 16.00000842858390371
16 24 15.99999438291512810
17 0 -0.00000146631613764
17 1 0.00000155397713247
17 2 0.00000115304538636
17 3 0.00000360483988649
17 4 0.00000123146410367
17 5 -0.00000351925549772
17 6 0.00000218718340136
17 7 0.00000011626945371
17 8 -0.00000234913614885
17 9 0.00000373706413581
17 10 0.00000233485604283
17 11 0.00000481156608482
17 12 0.00000251552244120
17 13 0.00000257074166027
17 14 -0.00000149433246392
17 15 0.00000005431448669
17 16 0.00000321426380847
17 17 17.00000623007703027
17 18 17.00000268851660934
17 19 17.00000506236366959
17 20 16.99998404052849921
17 21 16.99998343542240065
17 22 17.00001037234414625
17 23 16.99998246024729553
17 24 16.99997956658189935
18 0 0.00000418035635864
18 1 0.00000064622350404
18 2 0.00000108430078103
18 3 -0.00000074774329813
18 4 0.00000275307728025
18 5 -0.00000010100764418
18 6 0.00000282193326107
18 7 -0.00000116574213095
18 8 0.00000237775645216
18 9 0.00000594883845348
18 10 0.00000360445380669
18 11 0.00000158618563872
18 12 0.00000347297174614
18 13 0.00000330902679728
18 14 0.00000334861636025
18 15 0.00000274517612773
18 16 18.00000253027019070
18 17 17.99999471400374773
18 18 17.99998596903399317
18 19 18.00001134647897416
18 20 17.99997583178851102
18 21 18.00000971750953482
18 22 17.99999252973887565
18 23 17.99999041896181495
18 24 18.00001600282243786
19 0 -0.00000387208737027
19 1 0.00000093286469207
19 2 -0.00000001856416656
19 3 0.00000177766811329
19 4 0.00000057454121451
19 5 -0.00000318207979935
19 6 0.00000510669543632
19 7 -0.00000347694509862
19 8 0.00000138835740111
19 9 0.00000283944010633
19 10 0.00000261050080178
19 11 0.00000139042030638
19 12 0.00000174665316295
19 13 0.00000199540357832
19 14 0.00000347755743513
19 15 0.00000227756937977
19 16 18.99999618472959284
19 17 18.99999693388337363
19 18 19.00000162763559430
19 19 18.99999726298633718
19 20 18.99999477443394724
19 21 18.99997257594187872
19 22 18.99999459814264569
19 23 18.99999656808893533
19 24 18.99998220121328174
20 0 -0.00000055470932310
20 1 -0.00000038283862052
20 2 0.00000013944146742
20 3 0.00000223379475561
20 4 0.00000011285799371
20 5 0.00000090324835257
20 6 0.00000207993818279
20 7 0.00000373492086744
20 8 0.00000559220998780
20 9 0.00000150430184385
20 10 0.00000245236267831
20 11 0.00000391511401403
20 12 0.00000559345114292
20 13 0.00000307812353115
20 14 0.00000098673848684
20 15 19.99997969931043329
20 16 19.99998731705441912
20 17 20.00005132164535837
20 18 19.99998956185860521
20 19 19.99998300670961271
20 20 19.99999237796813745
20 21 19.99998795130867535
20 22 19.99998728417192950
20 23 20.00000423021887386
20 24 19.99988958528394889
21 0 0.00000463684353185
21 1 -0.00000251761376483
21 2 0.00000043697772845
21 3 -0.00000122579411841
21 4 -0.00000066795217715
21 5 -0.00000132539378238
21 6 -0.00000068518450729
21 7 0.00000549472491129
21 8 0.00000223866406567
21 9 0.00000325350210287
21 10 0.00000099158821070
21 11 -0.00000007509021832
21 12 0.00000136514513639
21 13 -0.00000024764402466
21 14 0.00000164265308523
21 15 20.99997135008987570
21 16 21.00000253582171084
21 17 21.00005405154148974
21 18 21.00006590609581991
21 19 21.00003803067162522
21 20 21.00010320680350873
21 21 20.99997764437058123
21 22 21.00008637913726162
21 23 20.99993830829787811
21 24 20.99992559469096420
22 0 0.00000292064593229
22 1 0.00000193796039724
22 2 0.00000388800414300
22 3 0.00000064705757419
22 4 0.00000331915682984
22 5 0.00000140253170563
22 6 0.00000282754468959
22 7 0.00000085266508489
22 8 0.00000136535851807
22 9 0.00000266071528156
22 10 0.00000016690354402
22 11 0.00000318544619374
22 12 0.00000090501533344
22 13 0.00000173854439022
22 14 22.00007639774044677
22 15 22.00004636157980897
22 16 22.00003769400609954
22 17 21.99991778709517831
22 18 22.00006954587688313
22 19 21.99997281693508455
22 20 22.00010753826175502
22 21 22.00006617044319057
22 22 21.99997835931136336
22 23 21.99991242311925532
22 24 21.99992248455487243
23 0 -0.00000005770812814
23 1 0.00000172030947937
23 2 -0.00000142721334888
23 3 0.00000379076020237
23 4 0.00000283618548112
23 5 0.00000338174749186
23 6 0.00000107569771293
23 7 0.00000146531180106
23 8 0.00000296244748945
23 9 0.00000354927018839
23 10 -0.00000005874534227
23 11 0.00000650919994410
23 12 0.00000115312482946
23 13 23.00001838706656443
23 14 23.00001619515079199
23 15 22.99990198866811753
23 16 22.99991909071389173
23 17 23.00004722666469448
23 18 23.00000651138072527
23 19 22.99997254976631922
23 20 23.00008985534097405
23 21 22.99990831150799764
23 22 23.00000822420819446
23 23 23.00006144282827947
23 24 23.00004476675700715
24 0 0.00000205581342257
24 1 -0.00000003192576844
24 2 0.00000183164208093
24 3 -0.00000088826404037
24 4 0.00000518877595956
24 5 -0.00000049676397538
24 6 0.00000282518494864
24 7 0.00000300357695209
24 8 0.00000542898132071
24 9 0.00000338516689997
24 10 0.00000313351800441
24 11 0.00000410468604025
24 12 0.00000191720194728
24 13 24.00006757388183232
24 14 23.99990524802942815
24 15 23.99993977022154112
24 16 24.00009401132157194
24 17 23.99989050743567987
24 18 24.00005569073893241
24 19 24.00007554961783640
24 20 24.00003679118112743
24 21 23.99993276087239380
24 22 24.00006026469224096
24 23 24.00008594678163831
24 24 24.00003685971620726
