25 25
-0.00000050603521626 
-0.00000037744717026 
0.00000484185038565 
0.00000251264736998 
0.00000404963847911 
-0.00000265430123363 
-0.00000282791905793 
0.00000340738639358 
0.00000088670924205 
0.00000230961965746 
0.00000208703432555 
0.00000079781406220 
-0.00000024348582990 
0.00000518582877004 
0.00000120675637575 
0.00000277011051317 
0.00000305408905702 
-0.00000146631613764 
0.00000418035635864 
-0.00000387208737027 
-0.00000055470932310 
0.00000463684353185 
0.00000292064593229 
-0.00000005770812814 
0.00000205581342257 
0.00000397026343174 
-0.00000063216726987 
0.00000359447691276 
0.00000466614300001 
0.00000095193934478 
0.00000529792032570 
0.00000593949197129 
0.00000096364323984 
0.00000130952708102 
0.00000010459010602 
0.00000101157205883 
-0.00000039826892233 
0.00000375914042085 
0.00000096661646662 
-0.00000123006451102 
0.00000156555378484 
0.00000353528817775 
0.00000155397713247 
0.00000064622350404 
0.00000093286469207 
-0.00000038283862052 
-0.00000251761376483 
0.00000193796039724 
0.00000172030947937 
-0.00000003192576844 
0.00000100107554232 
0.00000367948535311 
-0.00000058160973675 
0.00000073626607850 
-0.00000143106570141 
-0.00000009684867451 
-0.00000264080761803 
0.00000544654287161 
0.00000309353720141 
0.00000239537165499 
0.00000108288393647 
-0.00000161811777511 
-0.00000123879071756 
0.00000160937199677 
0.00000161467743165 
-0.00000045081966444 
-0.00000116536499342 
0.00000115304538636 
0.00000108430078103 
-0.00000001856416656 
0.00000013944146742 
0.00000043697772845 
0.00000388800414300 
-0.00000142721334888 
0.00000183164208093 
0.00000173100108752 
0.00000199301295724 
-0.00000203775127060 
0.00000195385750614 
-0.00000214615081317 
-0.00000194450733844 
0.00000094524319898 
0.00000042641268492 
-0.00000055599172834 
-0.00000030152141352 
0.00000580591257781 
0.00000016357616037 
0.00000123576515495 
0.00000351734102895 
0.00000036023535458 
-0.00000166972163625 
0.00000382663026671 
0.00000360483988649 
-0.00000074774329813 
0.00000177766811329 
0.00000223379475561 
-0.00000122579411841 
0.00000064705757419 
0.00000379076020237 
-0.00000088826404037 
0.00000185205052550 
-0.00000101412839684 
0.00000367431086637 
0.00000436207770224 
0.00000300871728303 
0.00000026797456539 
0.00000348044531901 
0.00000474099361872 
0.00000087141892240 
-0.00000159431540106 
0.00000330284125747 
0.00000106313085937 
0.00000110737129986 
0.00000287805948306 
-0.00000105986551395 
0.00000188248916306 
0.00000040507037258 
0.00000123146410367 
0.00000275307728025 
0.00000057454121451 
0.00000011285799371 
-0.00000066795217715 
0.00000331915682984 
0.00000283618548112 
0.00000518877595956 
0.00000018487952488 
0.00000264267782685 
-0.00000017846194659 
0.00000017434976717 
0.00000306830060893 
0.00000200967289782 
0.00000408756809487 
0.00000243599889642 
-0.00000028574226182 
0.00000319837746959 
0.00000286281733873 
-0.00000160073894341 
0.00000215329181342 
0.00000492262986698 
-0.00000005913489355 
0.00000438885678024 
0.00000058032005466 
-0.00000351925549772 
-0.00000010100764418 
-0.00000318207979935 
0.00000090324835257 
-0.00000132539378238 
0.00000140253170563 
0.00000338174749186 
-0.00000049676397538 
0.00000182680791383 
0.00000344876295629 
-0.00000027640369481 
-0.00000252125073392 
0.00000221264172814 
-0.00000005673477268 
0.00000192508298396 
-0.00000142663477028 
-0.00000051010436899 
0.00000526696686738 
0.00000136495207315 
0.00000153270302858 
0.00000062383564015 
-0.00000037137702793 
0.00000260742940941 
-0.00000011773809067 
0.00000219859179397 
0.00000218718340136 
0.00000282193326107 
0.00000510669543632 
0.00000207993818279 
-0.00000068518450729 
0.00000282754468959 
0.00000107569771293 
0.00000282518494864 
0.00000473971428923 
0.00000507533233939 
0.00000545301614200 
0.00000010475982783 
0.00000440681600525 
-0.00000001209859723 
0.00000679728033232 
0.00000124307621212 
-0.00000179919650095 
-0.00000143458447998 
0.00000273945493326 
0.00000185874972230 
0.00000093380296147 
0.00000056535370252 
0.00000296281157581 
-0.00000128960103669 
0.00000156654284518 
0.00000011626945371 
-0.00000116574213095 
-0.00000347694509862 
0.00000373492086744 
0.00000549472491129 
0.00000085266508489 
0.00000146531180106 
0.00000300357695209 
-0.00000024312647275 
0.00000109914514521 
-0.00000023917699095 
0.00000219396988556 
0.00000131880624152 
-0.00000069569984912 
0.00000216526746385 
0.00000039297081261 
0.00000169224875468 
0.00000361337241911 
0.00000169224019629 
0.00000188797878738 
0.00000409311062756 
0.00000325884809038 
0.00000014736668551 
0.00000515587985763 
0.00000189047299846 
-0.00000234913614885 
0.00000237775645216 
0.00000138835740111 
0.00000559220998780 
0.00000223866406567 
0.00000136535851807 
0.00000296244748945 
0.00000542898132071 
0.00000244176730528 
0.00000104666128725 
0.00000181513714767 
0.00000475570906304 
0.00000382625931549 
0.00000133551827320 
0.00000297097396576 
0.00000311906399452 
0.00000299396234272 
-0.00000049767389597 
0.00000516999289358 
-0.00000123195747724 
0.00000159620236542 
0.00000467471108030 
0.00000045184799735 
0.00000191364037363 
0.00000109331126022 
0.00000373706413581 
0.00000594883845348 
0.00000283944010633 
0.00000150430184385 
0.00000325350210287 
0.00000266071528156 
0.00000354927018839 
0.00000338516689997 
-0.00000104861364082 
0.00000148746906129 
0.00000444817224684 
0.00000287006089648 
0.00000097720344086 
0.00000593972609222 
-0.00000019174592765 
0.00000130905560397 
0.00000310626310768 
0.00000164265604823 
0.00000279005469964 
0.00000381338634645 
0.00000259726003684 
0.00000498952457101 
0.00000051655552931 
0.00000506884841421 
0.00000109904473687 
0.00000233485604283 
0.00000360445380669 
0.00000261050080178 
0.00000245236267831 
0.00000099158821070 
0.00000016690354402 
-0.00000005874534227 
0.00000313351800441 
0.00000373231839227 
0.00000103742454754 
0.00000430773070712 
0.00000230686005474 
0.00000838411926811 
0.00000189022916796 
0.00000101549238699 
0.00000345719932946 
0.00000164084361787 
0.00000258631173092 
0.00000366984264914 
0.00000612181886518 
0.00000238851417936 
0.00000157668769893 
0.00000172941813824 
0.00000375402257263 
0.00000215409351160 
0.00000481156608482 
0.00000158618563872 
0.00000139042030638 
0.00000391511401403 
-0.00000007509021832 
0.00000318544619374 
0.00000650919994410 
0.00000410468604025 
0.00000488750596369 
0.00000575977400824 
0.00000305780681730 
0.00000051214037819 
-0.00000013004392411 
0.00000126225659720 
0.00000370232828973 
0.00000429103532406 
0.00000638781159576 
0.00000138814959809 
0.00000347656266908 
0.00000049304950566 
0.00000169307522805 
-0.00000170237790963 
0.00000021212525018 
-0.00000074518803509 
0.00000306078328894 
0.00000251552244120 
0.00000347297174614 
0.00000174665316295 
0.00000559345114292 
0.00000136514513639 
0.00000090501533344 
0.00000115312482946 
0.00000191720194728 
0.00000145402785723 
1.00000118029515361 
2.00000272665734613 
0.00000081968524041 
0.00000274501384137 
0.00000162115819676 
0.00000430928049243 
0.00000305024466783 
0.00000280102598041 
0.00000230934602621 
0.00000301189928313 
0.00000409146400940 
0.00000488330927621 
0.00000405532746704 
0.00000105750219051 
0.00000203849592494 
0.00000474806650119 
0.00000257074166027 
0.00000330902679728 
0.00000199540357832 
0.00000307812353115 
-0.00000024764402466 
0.00000173854439022 
23.00001838706656443 
24.00006757388183232 
0.00000267220259571 
1.00000157898526609 
2.00000216314121682 
2.99999674820638296 
0.00000146252063281 
-0.00000121961479205 
0.00000157833277887 
0.00000005813385307 
0.00000580421467177 
0.00000304483075131 
0.00000229892233819 
0.00000407205129950 
0.00000333345934578 
0.00000326783157392 
0.00000224560344245 
0.00000334693184025 
0.00000093200858850 
-0.00000149433246392 
0.00000334861636025 
0.00000347755743513 
0.00000098673848684 
0.00000164265308523 
22.00007639774044677 
23.00001619515079199 
23.99990524802942815 
0.00000273221464547 
1.00000060426053161 
2.00000576814486930 
3.00001222217321706 
4.00000488702869728 
5.00000318446531367 
0.00000027866895153 
0.00000326389100120 
-0.00000097939060260 
0.00000179678793836 
0.00000172495046542 
0.00000273146407462 
0.00000371864805563 
0.00000181843547611 
0.00000172506621418 
0.00000466109581579 
0.00000131901999823 
0.00000005431448669 
0.00000274517612773 
0.00000227756937977 
19.99997969931043329 
20.99997135008987570 
22.00004636157980897 
22.99990198866811753 
23.99993977022154112 
0.00000369456231337 
1.00000386045081546 
2.00000054358858881 
3.00000797079710591 
4.00000038535633440 
4.99999835585684860 
5.99999086194086129 
6.99999906747331391 
-0.00000193966740757 
0.00000130025559634 
0.00000162192768495 
0.00000233254280631 
0.00000137072898203 
0.00000106592954382 
0.00000227717087966 
0.00000373345189651 
0.00000179502243589 
0.00000321426380847 
18.00000253027019070 
18.99999618472959284 
19.99998731705441912 
21.00000253582171084 
22.00003769400609954 
22.99991909071389173 
24.00009401132157194 
0.00000416386778900 
1.00000475992446836 
1.99999691563444859 
2.99999992330125220 
3.99999394519426810 
5.00000774885366184 
6.00000147243998416 
7.00000673788016758 
8.00000987032900390 
8.99999349282015437 
9.99999262564550406 
10.99999584842552025 
11.99999296488165434 
13.00000350540816640 
14.00001620486950316 
15.00000708239390690 
16.00001875727261691 
17.00000623007703027 
17.99999471400374773 
18.99999693388337363 
20.00005132164535837 
21.00005405154148974 
21.99991778709517831 
23.00004722666469448 
23.99989050743567987 
0.00000611860809107 
1.00000508590364223 
2.00000225874641568 
3.00000598181457656 
4.00000551972877894 
5.00000128235943109 
5.99999118381426388 
7.00000434088724255 
7.99999489624850924 
8.99998707987877111 
10.00000482203676100 
10.99999026393022561 
12.00000844000507705 
13.00000655075579914 
14.00001023393731359 
14.99998898889403520 
16.00000003352113964 
17.00000268851660934 
17.99998596903399317 
19.00000162763559430 
19.99998956185860521 
21.00006590609581991 
22.00006954587688313 
23.00000651138072527 
24.00005569073893241 
0.00000430326367116 
1.00000094684494534 
2.00000408863113499 
3.00000697992741694 
4.00000238567863597 
5.00000631474387358 
5.99999253730279580 
6.99999377202706263 
8.00000370726106347 
8.99999131923760665 
10.00000079625143989 
11.00001198679978920 
11.99998002205335901 
12.99999573815873077 
13.99998325011623379 
14.99999920650974872 
16.00002658099950636 
17.00000506236366959 
18.00001134647897416 
18.99999726298633718 
19.99998300670961271 
21.00003803067162522 
21.99997281693508455 
22.99997254976631922 
24.00007554961783640 
0.00000144644656442 
1.00000000218468066 
2.00000162780316915 
3.00000260576404765 
4.00000559635027475 
5.00000164040793127 
6.00000025889645627 
7.00000373231374429 
7.99999284560221113 
9.00001168113150918 
10.00000117200098693 
10.99999809000479978 
12.00000329634141849 
13.00001479883107613 
13.99999321502621008 
15.00001264270783707 
15.99999767998515665 
16.99998404052849921 
17.99997583178851102 
18.99999477443394724 
19.99999237796813745 
21.00010320680350873 
22.00010753826175502 
23.00008985534097405 
24.00003679118112743 
0.00000316999861380 
1.00000099325198910 
1.99999889469193581 
3.00000525443301802 
4.00000736434100901 
4.99999841600442174 
6.00000061025421250 
7.00000516224920410 
7.99998696482027860 
8.99999579216291323 
9.99999012851001190 
10.99999130215044119 
11.99999481269678903 
12.99999437782633827 
13.99998416802772105 
14.99997143332442384 
15.99997856587489231 
16.99998343542240065 
18.00000971750953482 
18.99997257594187872 
19.99998795130867535 
20.99997764437058123 
22.00006617044319057 
22.99990831150799764 
23.99993276087239380 
0.00000315350432666 
1.00000139488601225 
2.00000432210937040 
3.00000713108087558 
3.99999666567819068 
4.99999535648744420 
6.00000121857846302 
7.00000052784960225 
8.00000771627156659 
8.99998489211603747 
9.99998431654599784 
11.00000026858731950 
12.00001946425237520 
13.00000678817665900 
13.99999836971273126 
14.99999092113628762 
16.00000347647147692 
17.00001037234414625 
17.99999252973887565 
18.99999459814264569 
19.99998728417192950 
21.00008637913726162 
21.99997835931136336 
23.00000822420819446 
24.00006026469224096 
0.00000040567155391 
1.00000094838925890 
1.99999720459826436 
3.00000180909274228 
4.00000483435135923 
5.00000222003794637 
5.99999850671726609 
7.00000320785004515 
7.99999285971118201 
9.00000103962390163 
9.99998608701914726 
10.99997991967917166 
12.00000750159241036 
12.99999911610395209 
13.99999581909073854 
14.99997791813456693 
16.00000842858390371 
16.99998246024729553 
17.99999041896181495 
18.99999656808893533 
20.00000423021887386 
20.99993830829787811 
21.99991242311925532 
23.00006144282827947 
24.00008594678163831 
-0.00000053576918592 
0.99999884344207945 
1.99999931486000770 
2.99999728148654699 
4.00000611539725259 
4.99999874255823773 
6.00000292926360412 
7.00000345642881872 
8.00000288398665127 
9.00000784138325116 
10.00001300815554472 
11.00000515234062881 
12.00000654210123052 
13.00001117879845935 
14.00001454082824814 
14.99999522989032563 
15.99999438291512810 
16.99997956658189935 
18.00001600282243786 
18.99998220121328174 
19.99988958528394889 
20.99992559469096420 
21.99992248455487243 
23.00004476675700715 
24.00003685971620726 
